Tech	AMMONIA	CO2_ATM	CO2_CAPTURED	CO2_INDUSTRY	COAL	DIESEL	ELECTRICITY	GAS	GASOLINE	H2	LFO	METHANOL	RES_GEO	RES_HYDRO	RES_SOLAR	RES_WIND	URANIUM	WASTE	WET_BIOMASS	WOOD	HEAT_HIGH_T	HEAT_LOW_T_DHN	HEAT_LOW_T_DECEN	MOB_PUBLIC	MOB_PRIVATE	MOB_FREIGHT_RAIL	MOB_FREIGHT_BOAT	MOB_FREIGHT_ROAD	HVC	
 AMMONIA 	 0.000044	 0.000000	 0.000000	 0.000000	 0.000000	 0.000000	 0.000000	 0.000000	 0.000000	 0.000000	 0.000000	 0.000000	 0.000000	 0.000000	 0.000000	 0.000000	 0.000000	 0.000000	 0.000000	 0.000000	 0.000000	 0.000000	 0.000000	 0.000000	 0.000000	 0.000000	 0.000000	 0.000000	 0.000000	
 AMMONIA_RE_BE 	 0.000183	 0.000000	 0.000000	 0.000000	 0.000000	 0.000000	 0.000000	 0.000000	 0.000000	 0.000000	 0.000000	 0.000000	 0.000000	 0.000000	 0.000000	 0.000000	 0.000000	 0.000000	 0.000000	 0.000000	 0.000000	 0.000000	 0.000000	 0.000000	 0.000000	 0.000000	 0.000000	 0.000000	 0.000000	
 AMMONIA_RE_IMPORT 	 6206.680548	 0.000000	 0.000000	 0.000000	 0.000000	 0.000000	 0.000000	 0.000000	 0.000000	 0.000000	 0.000000	 0.000000	 0.000000	 0.000000	 0.000000	 0.000000	 0.000000	 0.000000	 0.000000	 0.000000	 0.000000	 0.000000	 0.000000	 0.000000	 0.000000	 0.000000	 0.000000	 0.000000	 0.000000	
 BIODIESEL 	 0.000000	 0.000000	 0.000000	 0.000000	 0.000000	 0.000062	 0.000000	 0.000000	 0.000000	 0.000000	 0.000000	 0.000000	 0.000000	 0.000000	 0.000000	 0.000000	 0.000000	 0.000000	 0.000000	 0.000000	 0.000000	 0.000000	 0.000000	 0.000000	 0.000000	 0.000000	 0.000000	 0.000000	 0.000000	
 BIODIESEL_BE 	 0.000000	 0.000000	 0.000000	 0.000000	 0.000000	 0.000333	 0.000000	 0.000000	 0.000000	 0.000000	 0.000000	 0.000000	 0.000000	 0.000000	 0.000000	 0.000000	 0.000000	 0.000000	 0.000000	 0.000000	 0.000000	 0.000000	 0.000000	 0.000000	 0.000000	 0.000000	 0.000000	 0.000000	 0.000000	
 BIOETHANOL 	 0.000000	 0.000000	 0.000000	 0.000000	 0.000000	 0.000000	 0.000000	 0.000000	 0.000046	 0.000000	 0.000000	 0.000000	 0.000000	 0.000000	 0.000000	 0.000000	 0.000000	 0.000000	 0.000000	 0.000000	 0.000000	 0.000000	 0.000000	 0.000000	 0.000000	 0.000000	 0.000000	 0.000000	 0.000000	
 CO2_ATM 	 0.000000	 0.000198	 0.000000	 0.000000	 0.000000	 0.000000	 0.000000	 0.000000	 0.000000	 0.000000	 0.000000	 0.000000	 0.000000	 0.000000	 0.000000	 0.000000	 0.000000	 0.000000	 0.000000	 0.000000	 0.000000	 0.000000	 0.000000	 0.000000	 0.000000	 0.000000	 0.000000	 0.000000	 0.000000	
 CO2_CAPTURED 	 0.000000	 0.000000	 0.000000	 0.000000	 0.000000	 0.000000	 0.000000	 0.000000	 0.000000	 0.000000	 0.000000	 0.000000	 0.000000	 0.000000	 0.000000	 0.000000	 0.000000	 0.000000	 0.000000	 0.000000	 0.000000	 0.000000	 0.000000	 0.000000	 0.000000	 0.000000	 0.000000	 0.000000	 0.000000	
 CO2_EMISSIONS 	 0.000000	 0.000000	 0.000000	 -23609.433336	 0.000000	 0.000000	 0.000000	 0.000000	 0.000000	 0.000000	 0.000000	 0.000000	 0.000000	 0.000000	 0.000000	 0.000000	 0.000000	 0.000000	 0.000000	 0.000000	 0.000000	 0.000000	 0.000000	 0.000000	 0.000000	 0.000000	 0.000000	 0.000000	 0.000000	
 CO2_INDUSTRY 	 0.000000	 0.000000	 0.000000	 0.000000	 0.000000	 0.000000	 0.000000	 0.000000	 0.000000	 0.000000	 0.000000	 0.000000	 0.000000	 0.000000	 0.000000	 0.000000	 0.000000	 0.000000	 0.000000	 0.000000	 0.000000	 0.000000	 0.000000	 0.000000	 0.000000	 0.000000	 0.000000	 0.000000	 0.000000	
 COAL 	 0.000000	 0.000000	 0.000000	 0.000000	 0.000000	 0.000000	 0.000000	 0.000000	 0.000000	 0.000000	 0.000000	 0.000000	 0.000000	 0.000000	 0.000000	 0.000000	 0.000000	 0.000000	 0.000000	 0.000000	 0.000000	 0.000000	 0.000000	 0.000000	 0.000000	 0.000000	 0.000000	 0.000000	 0.000000	
 DIESEL 	 0.000000	 0.000000	 0.000000	 0.000000	 0.000000	 0.000417	 0.000000	 0.000000	 0.000000	 0.000000	 0.000000	 0.000000	 0.000000	 0.000000	 0.000000	 0.000000	 0.000000	 0.000000	 0.000000	 0.000000	 0.000000	 0.000000	 0.000000	 0.000000	 0.000000	 0.000000	 0.000000	 0.000000	 0.000000	
 ELEC_EXPORT 	 0.000000	 0.000000	 0.000000	 0.000000	 0.000000	 0.000000	 -222.572698	 0.000000	 0.000000	 0.000000	 0.000000	 0.000000	 0.000000	 0.000000	 0.000000	 0.000000	 0.000000	 0.000000	 0.000000	 0.000000	 0.000000	 0.000000	 0.000000	 0.000000	 0.000000	 0.000000	 0.000000	 0.000000	 0.000000	
 ELECTRICITY 	 0.000000	 0.000000	 0.000000	 0.000000	 0.000000	 0.000000	 27567.311327	 0.000000	 0.000000	 0.000000	 0.000000	 0.000000	 0.000000	 0.000000	 0.000000	 0.000000	 0.000000	 0.000000	 0.000000	 0.000000	 0.000000	 0.000000	 0.000000	 0.000000	 0.000000	 0.000000	 0.000000	 0.000000	 0.000000	
 GAS 	 0.000000	 0.000000	 0.000000	 0.000000	 0.000000	 0.000000	 0.000000	 30347.914872	 0.000000	 0.000000	 0.000000	 0.000000	 0.000000	 0.000000	 0.000000	 0.000000	 0.000000	 0.000000	 0.000000	 0.000000	 0.000000	 0.000000	 0.000000	 0.000000	 0.000000	 0.000000	 0.000000	 0.000000	 0.000000	
 GAS_RE_BE 	 0.000000	 0.000000	 0.000000	 0.000000	 0.000000	 0.000000	 0.000000	 0.000071	 0.000000	 0.000000	 0.000000	 0.000000	 0.000000	 0.000000	 0.000000	 0.000000	 0.000000	 0.000000	 0.000000	 0.000000	 0.000000	 0.000000	 0.000000	 0.000000	 0.000000	 0.000000	 0.000000	 0.000000	 0.000000	
 GAS_RE_IMPORT 	 0.000000	 0.000000	 0.000000	 0.000000	 0.000000	 0.000000	 0.000000	 0.000002	 0.000000	 0.000000	 0.000000	 0.000000	 0.000000	 0.000000	 0.000000	 0.000000	 0.000000	 0.000000	 0.000000	 0.000000	 0.000000	 0.000000	 0.000000	 0.000000	 0.000000	 0.000000	 0.000000	 0.000000	 0.000000	
 GASOLINE 	 0.000000	 0.000000	 0.000000	 0.000000	 0.000000	 0.000000	 0.000000	 0.000000	 0.000099	 0.000000	 0.000000	 0.000000	 0.000000	 0.000000	 0.000000	 0.000000	 0.000000	 0.000000	 0.000000	 0.000000	 0.000000	 0.000000	 0.000000	 0.000000	 0.000000	 0.000000	 0.000000	 0.000000	 0.000000	
 H2 	 0.000000	 0.000000	 0.000000	 0.000000	 0.000000	 0.000000	 0.000000	 0.000000	 0.000000	 0.000000	 0.000000	 0.000000	 0.000000	 0.000000	 0.000000	 0.000000	 0.000000	 0.000000	 0.000000	 0.000000	 0.000000	 0.000000	 0.000000	 0.000000	 0.000000	 0.000000	 0.000000	 0.000000	 0.000000	
 H2_RE_BE 	 0.000000	 0.000000	 0.000000	 0.000000	 0.000000	 0.000000	 0.000000	 0.000000	 0.000000	 9489.180898	 0.000000	 0.000000	 0.000000	 0.000000	 0.000000	 0.000000	 0.000000	 0.000000	 0.000000	 0.000000	 0.000000	 0.000000	 0.000000	 0.000000	 0.000000	 0.000000	 0.000000	 0.000000	 0.000000	
 H2_RE_IMPORT 	 0.000000	 0.000000	 0.000000	 0.000000	 0.000000	 0.000000	 0.000000	 0.000000	 0.000000	 80539.166532	 0.000000	 0.000000	 0.000000	 0.000000	 0.000000	 0.000000	 0.000000	 0.000000	 0.000000	 0.000000	 0.000000	 0.000000	 0.000000	 0.000000	 0.000000	 0.000000	 0.000000	 0.000000	 0.000000	
 LFO 	 0.000000	 0.000000	 0.000000	 0.000000	 0.000000	 0.000000	 0.000000	 0.000000	 0.000000	 0.000000	 0.000363	 0.000000	 0.000000	 0.000000	 0.000000	 0.000000	 0.000000	 0.000000	 0.000000	 0.000000	 0.000000	 0.000000	 0.000000	 0.000000	 0.000000	 0.000000	 0.000000	 0.000000	 0.000000	
 LFO_RE_BE 	 0.000000	 0.000000	 0.000000	 0.000000	 0.000000	 0.000000	 0.000000	 0.000000	 0.000000	 0.000000	 0.000111	 0.000000	 0.000000	 0.000000	 0.000000	 0.000000	 0.000000	 0.000000	 0.000000	 0.000000	 0.000000	 0.000000	 0.000000	 0.000000	 0.000000	 0.000000	 0.000000	 0.000000	 0.000000	
 METHANOL 	 0.000000	 0.000000	 0.000000	 0.000000	 0.000000	 0.000000	 0.000000	 0.000000	 0.000000	 0.000000	 0.000000	 33303.583814	 0.000000	 0.000000	 0.000000	 0.000000	 0.000000	 0.000000	 0.000000	 0.000000	 0.000000	 0.000000	 0.000000	 0.000000	 0.000000	 0.000000	 0.000000	 0.000000	 0.000000	
 METHANOL_RE_BE 	 0.000000	 0.000000	 0.000000	 0.000000	 0.000000	 0.000000	 0.000000	 0.000000	 0.000000	 0.000000	 0.000000	 0.000100	 0.000000	 0.000000	 0.000000	 0.000000	 0.000000	 0.000000	 0.000000	 0.000000	 0.000000	 0.000000	 0.000000	 0.000000	 0.000000	 0.000000	 0.000000	 0.000000	 0.000000	
 METHANOL_RE_IMPORT 	 0.000000	 0.000000	 0.000000	 0.000000	 0.000000	 0.000000	 0.000000	 0.000000	 0.000000	 0.000000	 0.000000	 0.001383	 0.000000	 0.000000	 0.000000	 0.000000	 0.000000	 0.000000	 0.000000	 0.000000	 0.000000	 0.000000	 0.000000	 0.000000	 0.000000	 0.000000	 0.000000	 0.000000	 0.000000	
 RES_GEO 	 0.000000	 0.000000	 0.000000	 0.000000	 0.000000	 0.000000	 0.000000	 0.000000	 0.000000	 0.000000	 0.000000	 0.000000	 0.000000	 0.000000	 0.000000	 0.000000	 0.000000	 0.000000	 0.000000	 0.000000	 0.000000	 0.000000	 0.000000	 0.000000	 0.000000	 0.000000	 0.000000	 0.000000	 0.000000	
 RES_HYDRO 	 0.000000	 0.000000	 0.000000	 0.000000	 0.000000	 0.000000	 0.000000	 0.000000	 0.000000	 0.000000	 0.000000	 0.000000	 0.000000	 487.461921	 0.000000	 0.000000	 0.000000	 0.000000	 0.000000	 0.000000	 0.000000	 0.000000	 0.000000	 0.000000	 0.000000	 0.000000	 0.000000	 0.000000	 0.000000	
 RES_SOLAR 	 0.000000	 0.000000	 0.000000	 0.000000	 0.000000	 0.000000	 0.000000	 0.000000	 0.000000	 0.000000	 0.000000	 0.000000	 0.000000	 0.000000	 61254.088487	 0.000000	 0.000000	 0.000000	 0.000000	 0.000000	 0.000000	 0.000000	 0.000000	 0.000000	 0.000000	 0.000000	 0.000000	 0.000000	 0.000000	
 RES_WIND 	 0.000000	 0.000000	 0.000000	 0.000000	 0.000000	 0.000000	 0.000000	 0.000000	 0.000000	 0.000000	 0.000000	 0.000000	 0.000000	 0.000000	 0.000000	 39627.690683	 0.000000	 0.000000	 0.000000	 0.000000	 0.000000	 0.000000	 0.000000	 0.000000	 0.000000	 0.000000	 0.000000	 0.000000	 0.000000	
 URANIUM 	 0.000000	 0.000000	 0.000000	 0.000000	 0.000000	 0.000000	 0.000000	 0.000000	 0.000000	 0.000000	 0.000000	 0.000000	 0.000000	 0.000000	 0.000000	 0.000000	 0.000000	 0.000000	 0.000000	 0.000000	 0.000000	 0.000000	 0.000000	 0.000000	 0.000000	 0.000000	 0.000000	 0.000000	 0.000000	
 WASTE 	 0.000000	 0.000000	 0.000000	 0.000000	 0.000000	 0.000000	 0.000000	 0.000000	 0.000000	 0.000000	 0.000000	 0.000000	 0.000000	 0.000000	 0.000000	 0.000000	 0.000000	 0.001288	 0.000000	 0.000000	 0.000000	 0.000000	 0.000000	 0.000000	 0.000000	 0.000000	 0.000000	 0.000000	 0.000000	
 WET_BIOMASS 	 0.000000	 0.000000	 0.000000	 0.000000	 0.000000	 0.000000	 0.000000	 0.000000	 0.000000	 0.000000	 0.000000	 0.000000	 0.000000	 0.000000	 0.000000	 0.000000	 0.000000	 0.000000	 38900.000089	 0.000000	 0.000000	 0.000000	 0.000000	 0.000000	 0.000000	 0.000000	 0.000000	 0.000000	 0.000000	
 WOOD 	 0.000000	 0.000000	 0.000000	 0.000000	 0.000000	 0.000000	 0.000000	 0.000000	 0.000000	 0.000000	 0.000000	 0.000000	 0.000000	 0.000000	 0.000000	 0.000000	 0.000000	 0.000000	 0.000000	 23400.000014	 0.000000	 0.000000	 0.000000	 0.000000	 0.000000	 0.000000	 0.000000	 0.000000	 0.000000	
 WOOD_PRODUCTION 	 0.000000	 0.000000	 0.000000	 0.000000	 0.000000	 0.000000	 0.000000	 0.000000	 0.000000	 0.000000	 0.000000	 0.000000	 0.000000	 0.000000	 0.000000	 0.000000	 0.000000	 0.000000	 0.000000	 26053.866957	 0.000000	 0.000000	 0.000000	 0.000000	 0.000000	 0.000000	 0.000000	 0.000000	 0.000000	
 NUCLEAR 	 0.000000	 0.000000	 0.000000	 0.000000	 0.000000	 0.000000	 0.000000	 0.000000	 0.000000	 0.000000	 0.000000	 0.000000	 0.000000	 0.000000	 0.000000	 0.000000	 0.000000	 0.000000	 0.000000	 0.000000	 0.000000	 0.000000	 0.000000	 0.000000	 0.000000	 0.000000	 0.000000	 0.000000	 0.000000	
 CCGT 	 0.000000	 0.000000	 0.000000	 0.000163	 0.000000	 0.000000	 0.000512	 -0.000793	 0.000000	 0.000000	 0.000000	 0.000000	 0.000000	 0.000000	 0.000000	 0.000000	 0.000000	 0.000000	 0.000000	 0.000000	 0.000000	 0.000000	 0.000000	 0.000000	 0.000000	 0.000000	 0.000000	 0.000000	 0.000000	
 CCGT_AMMONIA 	 -0.000607	 0.000000	 0.000000	 0.000000	 0.000000	 0.000000	 0.000311	 0.000000	 0.000000	 0.000000	 0.000000	 0.000000	 0.000000	 0.000000	 0.000000	 0.000000	 0.000000	 0.000000	 0.000000	 0.000000	 0.000000	 0.000000	 0.000000	 0.000000	 0.000000	 0.000000	 0.000000	 0.000000	 0.000000	
 COAL_US 	 0.000000	 0.000000	 0.000000	 0.000000	 0.000000	 0.000000	 0.000000	 0.000000	 0.000000	 0.000000	 0.000000	 0.000000	 0.000000	 0.000000	 0.000000	 0.000000	 0.000000	 0.000000	 0.000000	 0.000000	 0.000000	 0.000000	 0.000000	 0.000000	 0.000000	 0.000000	 0.000000	 0.000000	 0.000000	
 COAL_IGCC 	 0.000000	 0.000000	 0.000000	 0.000000	 0.000000	 0.000000	 0.000000	 0.000000	 0.000000	 0.000000	 0.000000	 0.000000	 0.000000	 0.000000	 0.000000	 0.000000	 0.000000	 0.000000	 0.000000	 0.000000	 0.000000	 0.000000	 0.000000	 0.000000	 0.000000	 0.000000	 0.000000	 0.000000	 0.000000	
 PV 	 0.000000	 0.000000	 0.000000	 0.000000	 0.000000	 0.000000	 61254.088242	 0.000000	 0.000000	 0.000000	 0.000000	 0.000000	 0.000000	 0.000000	 -61254.088242	 0.000000	 0.000000	 0.000000	 0.000000	 0.000000	 0.000000	 0.000000	 0.000000	 0.000000	 0.000000	 0.000000	 0.000000	 0.000000	 0.000000	
 WIND_ONSHORE 	 0.000000	 0.000000	 0.000000	 0.000000	 0.000000	 0.000000	 20006.933331	 0.000000	 0.000000	 0.000000	 0.000000	 0.000000	 0.000000	 0.000000	 0.000000	 -20006.933331	 0.000000	 0.000000	 0.000000	 0.000000	 0.000000	 0.000000	 0.000000	 0.000000	 0.000000	 0.000000	 0.000000	 0.000000	 0.000000	
 WIND_OFFSHORE 	 0.000000	 0.000000	 0.000000	 0.000000	 0.000000	 0.000000	 19620.757353	 0.000000	 0.000000	 0.000000	 0.000000	 0.000000	 0.000000	 0.000000	 0.000000	 -19620.757353	 0.000000	 0.000000	 0.000000	 0.000000	 0.000000	 0.000000	 0.000000	 0.000000	 0.000000	 0.000000	 0.000000	 0.000000	 0.000000	
 HYDRO_RIVER 	 0.000000	 0.000000	 0.000000	 0.000000	 0.000000	 0.000000	 487.461921	 0.000000	 0.000000	 0.000000	 0.000000	 0.000000	 0.000000	 -487.461921	 0.000000	 0.000000	 0.000000	 0.000000	 0.000000	 0.000000	 0.000000	 0.000000	 0.000000	 0.000000	 0.000000	 0.000000	 0.000000	 0.000000	 0.000000	
 GEOTHERMAL 	 0.000000	 0.000000	 0.000000	 0.000000	 0.000000	 0.000000	 0.000000	 0.000000	 0.000000	 0.000000	 0.000000	 0.000000	 0.000000	 0.000000	 0.000000	 0.000000	 0.000000	 0.000000	 0.000000	 0.000000	 0.000000	 0.000000	 0.000000	 0.000000	 0.000000	 0.000000	 0.000000	 0.000000	 0.000000	
 IND_COGEN_GAS 	 0.000000	 0.000000	 0.000000	 8002.837268	 0.000000	 0.000000	 17605.947483	 -40014.186340	 0.000000	 0.000000	 0.000000	 0.000000	 0.000000	 0.000000	 0.000000	 0.000000	 0.000000	 0.000000	 0.000000	 0.000000	 18406.636156	 0.000000	 0.000000	 0.000000	 0.000000	 0.000000	 0.000000	 0.000000	 0.000000	
 IND_COGEN_WOOD 	 0.000000	 0.000000	 0.000000	 0.000070	 0.000000	 0.000000	 0.000032	 0.000000	 0.000000	 0.000000	 0.000000	 0.000000	 0.000000	 0.000000	 0.000000	 0.000000	 0.000000	 0.000000	 0.000000	 -0.000180	 0.000096	 0.000000	 0.000000	 0.000000	 0.000000	 0.000000	 0.000000	 0.000000	 0.000000	
 IND_COGEN_WASTE 	 0.000000	 0.000000	 0.000000	 0.000015	 0.000000	 0.000000	 0.000012	 0.000000	 0.000000	 0.000000	 0.000000	 0.000000	 0.000000	 0.000000	 0.000000	 0.000000	 0.000000	 -0.000059	 0.000000	 0.000000	 0.000027	 0.000000	 0.000000	 0.000000	 0.000000	 0.000000	 0.000000	 0.000000	 0.000000	
 IND_BOILER_GAS 	 0.000000	 0.000000	 0.000000	 0.000765	 0.000000	 0.000000	 0.000000	 -0.003827	 0.000000	 0.000000	 0.000000	 0.000000	 0.000000	 0.000000	 0.000000	 0.000000	 0.000000	 0.000000	 0.000000	 0.000000	 0.003549	 0.000000	 0.000000	 0.000000	 0.000000	 0.000000	 0.000000	 0.000000	 0.000000	
 IND_BOILER_WOOD 	 0.000000	 0.000000	 0.000000	 0.000043	 0.000000	 0.000000	 0.000000	 0.000000	 0.000000	 0.000000	 0.000000	 0.000000	 0.000000	 0.000000	 0.000000	 0.000000	 0.000000	 0.000000	 0.000000	 -0.000111	 0.000096	 0.000000	 0.000000	 0.000000	 0.000000	 0.000000	 0.000000	 0.000000	 0.000000	
 IND_BOILER_OIL 	 0.000000	 0.000000	 0.000000	 0.000108	 0.000000	 0.000000	 0.000000	 0.000000	 0.000000	 0.000000	 -0.000383	 0.000000	 0.000000	 0.000000	 0.000000	 0.000000	 0.000000	 0.000000	 0.000000	 0.000000	 0.000364	 0.000000	 0.000000	 0.000000	 0.000000	 0.000000	 0.000000	 0.000000	 0.000000	
 IND_BOILER_COAL 	 0.000000	 0.000000	 0.000000	 0.000000	 0.000000	 0.000000	 0.000000	 0.000000	 0.000000	 0.000000	 0.000000	 0.000000	 0.000000	 0.000000	 0.000000	 0.000000	 0.000000	 0.000000	 0.000000	 0.000000	 0.000000	 0.000000	 0.000000	 0.000000	 0.000000	 0.000000	 0.000000	 0.000000	 0.000000	
 IND_BOILER_WASTE 	 0.000000	 0.000000	 0.000000	 0.000307	 0.000000	 0.000000	 0.000000	 0.000000	 0.000000	 0.000000	 0.000000	 0.000000	 0.000000	 0.000000	 0.000000	 0.000000	 0.000000	 -0.001181	 0.000000	 0.000000	 0.000968	 0.000000	 0.000000	 0.000000	 0.000000	 0.000000	 0.000000	 0.000000	 0.000000	
 IND_DIRECT_ELEC 	 0.000000	 0.000000	 0.000000	 0.000000	 0.000000	 0.000000	 -9650.340390	 0.000000	 0.000000	 0.000000	 0.000000	 0.000000	 0.000000	 0.000000	 0.000000	 0.000000	 0.000000	 0.000000	 0.000000	 0.000000	 9650.340390	 0.000000	 0.000000	 0.000000	 0.000000	 0.000000	 0.000000	 0.000000	 0.000000	
 DHN_HP_ELEC 	 0.000000	 0.000000	 0.000000	 0.000000	 0.000000	 0.000000	 -10472.224964	 0.000000	 0.000000	 0.000000	 0.000000	 0.000000	 0.000000	 0.000000	 0.000000	 0.000000	 0.000000	 0.000000	 0.000000	 0.000000	 0.000000	 44321.158521	 0.000000	 0.000000	 0.000000	 0.000000	 0.000000	 0.000000	 0.000000	
 DHN_COGEN_GAS 	 0.000000	 0.000000	 0.000000	 0.000863	 0.000000	 0.000000	 0.002158	 -0.004315	 0.000000	 0.000000	 0.000000	 0.000000	 0.000000	 0.000000	 0.000000	 0.000000	 0.000000	 0.000000	 0.000000	 0.000000	 0.000000	 0.001726	 0.000000	 0.000000	 0.000000	 0.000000	 0.000000	 0.000000	 0.000000	
 DHN_COGEN_WOOD 	 0.000000	 0.000000	 0.000000	 0.000031	 0.000000	 0.000000	 0.000014	 0.000000	 0.000000	 0.000000	 0.000000	 0.000000	 0.000000	 0.000000	 0.000000	 0.000000	 0.000000	 0.000000	 0.000000	 -0.000080	 0.000000	 0.000042	 0.000000	 0.000000	 0.000000	 0.000000	 0.000000	 0.000000	 0.000000	
 DHN_COGEN_WASTE 	 0.000000	 0.000000	 0.000000	 0.000013	 0.000000	 0.000000	 0.000010	 0.000000	 0.000000	 0.000000	 0.000000	 0.000000	 0.000000	 0.000000	 0.000000	 0.000000	 0.000000	 -0.000049	 0.000000	 0.000000	 0.000000	 0.000022	 0.000000	 0.000000	 0.000000	 0.000000	 0.000000	 0.000000	 0.000000	
 DHN_COGEN_WET_BIOMASS 	 0.000000	 0.000000	 0.000000	 0.000138	 0.000000	 0.000000	 0.000046	 0.000000	 0.000000	 0.000000	 0.000000	 0.000000	 0.000000	 0.000000	 0.000000	 0.000000	 0.000000	 0.000000	 -0.000352	 0.000000	 0.000000	 0.000055	 0.000000	 0.000000	 0.000000	 0.000000	 0.000000	 0.000000	 0.000000	
 DHN_COGEN_BIO_HYDROLYSIS 	 0.000000	 0.000000	 0.000000	 0.000020	 0.000000	 0.000000	 0.000013	 0.000000	 0.000000	 0.000000	 0.000000	 0.000000	 0.000000	 0.000000	 0.000000	 0.000000	 0.000000	 0.000000	 -0.000051	 0.000000	 0.000000	 0.000017	 0.000000	 0.000000	 0.000000	 0.000000	 0.000000	 0.000000	 0.000000	
 DHN_BOILER_GAS 	 0.000000	 0.000000	 0.000000	 0.000024	 0.000000	 0.000000	 0.000000	 -0.000122	 0.000000	 0.000000	 0.000000	 0.000000	 0.000000	 0.000000	 0.000000	 0.000000	 0.000000	 0.000000	 0.000000	 0.000000	 0.000000	 0.000113	 0.000000	 0.000000	 0.000000	 0.000000	 0.000000	 0.000000	 0.000000	
 DHN_BOILER_WOOD 	 0.000000	 0.000000	 0.000000	 0.000029	 0.000000	 0.000000	 0.000000	 0.000000	 0.000000	 0.000000	 0.000000	 0.000000	 0.000000	 0.000000	 0.000000	 0.000000	 0.000000	 0.000000	 0.000000	 -0.000074	 0.000000	 0.000064	 0.000000	 0.000000	 0.000000	 0.000000	 0.000000	 0.000000	 0.000000	
 DHN_BOILER_OIL 	 0.000000	 0.000000	 0.000000	 0.000028	 0.000000	 0.000000	 0.000000	 0.000000	 0.000000	 0.000000	 -0.000099	 0.000000	 0.000000	 0.000000	 0.000000	 0.000000	 0.000000	 0.000000	 0.000000	 0.000000	 0.000000	 0.000094	 0.000000	 0.000000	 0.000000	 0.000000	 0.000000	 0.000000	 0.000000	
 DHN_DEEP_GEO 	 0.000000	 0.000000	 0.000000	 0.000000	 0.000000	 0.000000	 0.000000	 0.000000	 0.000000	 0.000000	 0.000000	 0.000000	 0.000000	 0.000000	 0.000000	 0.000000	 0.000000	 0.000000	 0.000000	 0.000000	 0.000000	 0.000000	 0.000000	 0.000000	 0.000000	 0.000000	 0.000000	 0.000000	 0.000000	
 DHN_SOLAR 	 0.000000	 0.000000	 0.000000	 0.000000	 0.000000	 0.000000	 0.000000	 0.000000	 0.000000	 0.000000	 0.000000	 0.000000	 0.000000	 0.000000	 -0.000020	 0.000000	 0.000000	 0.000000	 0.000000	 0.000000	 0.000000	 0.000020	 0.000000	 0.000000	 0.000000	 0.000000	 0.000000	 0.000000	 0.000000	
 DEC_HP_ELEC 	 0.000000	 0.000000	 0.000000	 0.000000	 0.000000	 0.000000	 -20499.059767	 0.000000	 0.000000	 0.000000	 0.000000	 0.000000	 0.000000	 0.000000	 0.000000	 0.000000	 0.000000	 0.000000	 0.000000	 0.000000	 0.000000	 0.000000	 65074.490779	 0.000000	 0.000000	 0.000000	 0.000000	 0.000000	 0.000000	
 DEC_THHP_GAS 	 0.000000	 0.000000	 0.000000	 0.000000	 0.000000	 0.000000	 0.000000	 -0.001158	 0.000000	 0.000000	 0.000000	 0.000000	 0.000000	 0.000000	 0.000000	 0.000000	 0.000000	 0.000000	 0.000000	 0.000000	 0.000000	 0.000000	 0.001837	 0.000000	 0.000000	 0.000000	 0.000000	 0.000000	 0.000000	
 DEC_COGEN_GAS 	 0.000000	 0.000000	 0.000000	 0.000000	 0.000000	 0.000000	 0.000203	 -0.000460	 0.000000	 0.000000	 0.000000	 0.000000	 0.000000	 0.000000	 0.000000	 0.000000	 0.000000	 0.000000	 0.000000	 0.000000	 0.000000	 0.000000	 0.000212	 0.000000	 0.000000	 0.000000	 0.000000	 0.000000	 0.000000	
 DEC_COGEN_OIL 	 0.000000	 0.000000	 0.000000	 0.000000	 0.000000	 0.000000	 0.000186	 0.000000	 0.000000	 0.000000	 -0.000476	 0.000000	 0.000000	 0.000000	 0.000000	 0.000000	 0.000000	 0.000000	 0.000000	 0.000000	 0.000000	 0.000000	 0.000205	 0.000000	 0.000000	 0.000000	 0.000000	 0.000000	 0.000000	
 DEC_ADVCOGEN_GAS 	 0.000000	 0.000000	 0.000000	 0.000000	 0.000000	 0.000000	 0.000298	 -0.000513	 0.000000	 0.000000	 0.000000	 0.000000	 0.000000	 0.000000	 0.000000	 0.000000	 0.000000	 0.000000	 0.000000	 0.000000	 0.000000	 0.000000	 0.000113	 0.000000	 0.000000	 0.000000	 0.000000	 0.000000	 0.000000	
 DEC_ADVCOGEN_H2 	 0.000000	 0.000000	 0.000000	 0.000000	 0.000000	 0.000000	 22166.578048	 0.000000	 0.000000	 -38218.093050	 0.000000	 0.000000	 0.000000	 0.000000	 0.000000	 0.000000	 0.000000	 0.000000	 0.000000	 0.000000	 0.000000	 0.000000	 8407.896392	 0.000000	 0.000000	 0.000000	 0.000000	 0.000000	 0.000000	
 DEC_BOILER_GAS 	 0.000000	 0.000000	 0.000000	 0.000000	 0.000000	 0.000000	 0.000000	 -0.000185	 0.000000	 0.000000	 0.000000	 0.000000	 0.000000	 0.000000	 0.000000	 0.000000	 0.000000	 0.000000	 0.000000	 0.000000	 0.000000	 0.000000	 0.000166	 0.000000	 0.000000	 0.000000	 0.000000	 0.000000	 0.000000	
 DEC_BOILER_WOOD 	 0.000000	 0.000000	 0.000000	 0.000000	 0.000000	 0.000000	 0.000000	 0.000000	 0.000000	 0.000000	 0.000000	 0.000000	 0.000000	 0.000000	 0.000000	 0.000000	 0.000000	 0.000000	 0.000000	 -0.000177	 0.000000	 0.000000	 0.000151	 0.000000	 0.000000	 0.000000	 0.000000	 0.000000	 0.000000	
 DEC_BOILER_OIL 	 0.000000	 0.000000	 0.000000	 0.000000	 0.000000	 0.000000	 0.000000	 0.000000	 0.000000	 0.000000	 -0.000148	 0.000000	 0.000000	 0.000000	 0.000000	 0.000000	 0.000000	 0.000000	 0.000000	 0.000000	 0.000000	 0.000000	 0.000140	 0.000000	 0.000000	 0.000000	 0.000000	 0.000000	 0.000000	
 DEC_SOLAR 	 0.000000	 0.000000	 0.000000	 0.000000	 0.000000	 0.000000	 0.000000	 0.000000	 0.000000	 0.000000	 0.000000	 0.000000	 0.000000	 0.000000	 -0.000225	 0.000000	 0.000000	 0.000000	 0.000000	 0.000000	 0.000000	 0.000000	 0.000225	 0.000000	 0.000000	 0.000000	 0.000000	 0.000000	 0.000000	
 DEC_DIRECT_ELEC 	 0.000000	 0.000000	 0.000000	 0.000000	 0.000000	 0.000000	 -0.000386	 0.000000	 0.000000	 0.000000	 0.000000	 0.000000	 0.000000	 0.000000	 0.000000	 0.000000	 0.000000	 0.000000	 0.000000	 0.000000	 0.000000	 0.000000	 0.000386	 0.000000	 0.000000	 0.000000	 0.000000	 0.000000	 0.000000	
 TRAMWAY_TROLLEY 	 0.000000	 0.000000	 0.000000	 0.000000	 0.000000	 0.000000	 -1342.762191	 0.000000	 0.000000	 0.000000	 0.000000	 0.000000	 0.000000	 0.000000	 0.000000	 0.000000	 0.000000	 0.000000	 0.000000	 0.000000	 0.000000	 0.000000	 0.000000	 23890.288442	 0.000000	 0.000000	 0.000000	 0.000000	 0.000000	
 BUS_COACH_DIESEL 	 0.000000	 0.000000	 0.000000	 0.000000	 0.000000	 -0.000020	 0.000000	 0.000000	 0.000000	 0.000000	 0.000000	 0.000000	 0.000000	 0.000000	 0.000000	 0.000000	 0.000000	 0.000000	 0.000000	 0.000000	 0.000000	 0.000000	 0.000000	 0.000084	 0.000000	 0.000000	 0.000000	 0.000000	 0.000000	
 BUS_COACH_HYDIESEL 	 0.000000	 0.000000	 0.000000	 0.000000	 0.000000	 -0.000016	 0.000000	 0.000000	 0.000000	 0.000000	 0.000000	 0.000000	 0.000000	 0.000000	 0.000000	 0.000000	 0.000000	 0.000000	 0.000000	 0.000000	 0.000000	 0.000000	 0.000000	 0.000090	 0.000000	 0.000000	 0.000000	 0.000000	 0.000000	
 BUS_COACH_CNG_STOICH 	 0.000000	 0.000000	 0.000000	 0.000000	 0.000000	 0.000000	 0.000000	 -0.000024	 0.000000	 0.000000	 0.000000	 0.000000	 0.000000	 0.000000	 0.000000	 0.000000	 0.000000	 0.000000	 0.000000	 0.000000	 0.000000	 0.000000	 0.000000	 0.000100	 0.000000	 0.000000	 0.000000	 0.000000	 0.000000	
 BUS_COACH_FC_HYBRIDH2 	 0.000000	 0.000000	 0.000000	 0.000000	 0.000000	 0.000000	 0.000000	 0.000000	 0.000000	 -0.000161	 0.000000	 0.000000	 0.000000	 0.000000	 0.000000	 0.000000	 0.000000	 0.000000	 0.000000	 0.000000	 0.000000	 0.000000	 0.000000	 0.000840	 0.000000	 0.000000	 0.000000	 0.000000	 0.000000	
 BUS_COACH_ELECTRIC 	 0.000000	 0.000000	 0.000000	 0.000000	 0.000000	 0.000000	 0.000000	 0.000000	 0.000000	 -10657.785605	 0.000000	 0.000000	 0.000000	 0.000000	 0.000000	 0.000000	 0.000000	 0.000000	 0.000000	 0.000000	 0.000000	 0.000000	 0.000000	 55743.951284	 0.000000	 0.000000	 0.000000	 0.000000	 0.000000	
 TRAIN_PUB 	 0.000000	 0.000000	 0.000000	 0.000000	 0.000000	 0.000000	 -0.002940	 0.000000	 0.000000	 0.000000	 0.000000	 0.000000	 0.000000	 0.000000	 0.000000	 0.000000	 0.000000	 0.000000	 0.000000	 0.000000	 0.000000	 0.000000	 0.000000	 0.050447	 0.000000	 0.000000	 0.000000	 0.000000	 0.000000	
 CAR_GASOLINE 	 0.000000	 0.000000	 0.000000	 0.000000	 0.000000	 0.000000	 0.000000	 0.000000	 -0.000011	 0.000000	 0.000000	 0.000000	 0.000000	 0.000000	 0.000000	 0.000000	 0.000000	 0.000000	 0.000000	 0.000000	 0.000000	 0.000000	 0.000000	 0.000000	 0.000025	 0.000000	 0.000000	 0.000000	 0.000000	
 CAR_DIESEL 	 0.000000	 0.000000	 0.000000	 0.000000	 0.000000	 -0.000008	 0.000000	 0.000000	 0.000000	 0.000000	 0.000000	 0.000000	 0.000000	 0.000000	 0.000000	 0.000000	 0.000000	 0.000000	 0.000000	 0.000000	 0.000000	 0.000000	 0.000000	 0.000000	 0.000019	 0.000000	 0.000000	 0.000000	 0.000000	
 CAR_NG 	 0.000000	 0.000000	 0.000000	 0.000000	 0.000000	 0.000000	 0.000000	 -0.000007	 0.000000	 0.000000	 0.000000	 0.000000	 0.000000	 0.000000	 0.000000	 0.000000	 0.000000	 0.000000	 0.000000	 0.000000	 0.000000	 0.000000	 0.000000	 0.000000	 0.000024	 0.000000	 0.000000	 0.000000	 0.000000	
 CAR_METHANOL 	 0.000000	 0.000000	 0.000000	 0.000000	 0.000000	 0.000000	 0.000000	 0.000000	 0.000000	 0.000000	 0.000000	 -0.000010	 0.000000	 0.000000	 0.000000	 0.000000	 0.000000	 0.000000	 0.000000	 0.000000	 0.000000	 0.000000	 0.000000	 0.000000	 0.000023	 0.000000	 0.000000	 0.000000	 0.000000	
 CAR_HEV 	 0.000000	 0.000000	 0.000000	 0.000000	 0.000000	 0.000000	 0.000000	 0.000000	 -0.000006	 0.000000	 0.000000	 0.000000	 0.000000	 0.000000	 0.000000	 0.000000	 0.000000	 0.000000	 0.000000	 0.000000	 0.000000	 0.000000	 0.000000	 0.000000	 0.000021	 0.000000	 0.000000	 0.000000	 0.000000	
 CAR_PHEV 	 0.000000	 0.000000	 0.000000	 0.000000	 0.000000	 0.000000	 -0.000400	 0.000000	 -0.000316	 0.000000	 0.000000	 0.000000	 0.000000	 0.000000	 0.000000	 0.000000	 0.000000	 0.000000	 0.000000	 0.000000	 0.000000	 0.000000	 0.000000	 0.000000	 0.003261	 0.000000	 0.000000	 0.000000	 0.000000	
 CAR_BEV 	 0.000000	 0.000000	 0.000000	 0.000000	 0.000000	 0.000000	 -10112.290339	 0.000000	 0.000000	 0.000000	 0.000000	 0.000000	 0.000000	 0.000000	 0.000000	 0.000000	 0.000000	 0.000000	 0.000000	 0.000000	 0.000000	 0.000000	 0.000000	 0.000000	 79634.286408	 0.000000	 0.000000	 0.000000	 0.000000	
 CAR_FUEL_CELL 	 0.000000	 0.000000	 0.000000	 0.000000	 0.000000	 0.000000	 0.000000	 0.000000	 0.000000	 -0.000007	 0.000000	 0.000000	 0.000000	 0.000000	 0.000000	 0.000000	 0.000000	 0.000000	 0.000000	 0.000000	 0.000000	 0.000000	 0.000000	 0.000000	 0.000036	 0.000000	 0.000000	 0.000000	 0.000000	
 TRAIN_FREIGHT 	 0.000000	 0.000000	 0.000000	 0.000000	 0.000000	 0.000000	 -1424.453097	 0.000000	 0.000000	 0.000000	 0.000000	 0.000000	 0.000000	 0.000000	 0.000000	 0.000000	 0.000000	 0.000000	 0.000000	 0.000000	 0.000000	 0.000000	 0.000000	 0.000000	 0.000000	 23191.549054	 0.000000	 0.000000	 0.000000	
 BOAT_FREIGHT_DIESEL 	 0.000000	 0.000000	 0.000000	 0.000000	 0.000000	 -0.000723	 0.000000	 0.000000	 0.000000	 0.000000	 0.000000	 0.000000	 0.000000	 0.000000	 0.000000	 0.000000	 0.000000	 0.000000	 0.000000	 0.000000	 0.000000	 0.000000	 0.000000	 0.000000	 0.000000	 0.000000	 0.007359	 0.000000	 0.000000	
 BOAT_FREIGHT_NG 	 0.000000	 0.000000	 0.000000	 0.000000	 0.000000	 0.000000	 0.000000	 -0.000039	 0.000000	 0.000000	 0.000000	 0.000000	 0.000000	 0.000000	 0.000000	 0.000000	 0.000000	 0.000000	 0.000000	 0.000000	 0.000000	 0.000000	 0.000000	 0.000000	 0.000000	 0.000000	 0.000352	 0.000000	 0.000000	
 BOAT_FREIGHT_METHANOL 	 0.000000	 0.000000	 0.000000	 0.000000	 0.000000	 0.000000	 0.000000	 0.000000	 0.000000	 0.000000	 0.000000	 -3144.335871	 0.000000	 0.000000	 0.000000	 0.000000	 0.000000	 0.000000	 0.000000	 0.000000	 0.000000	 0.000000	 0.000000	 0.000000	 0.000000	 0.000000	 27829.851230	 0.000000	 0.000000	
 TRUCK_DIESEL 	 0.000000	 0.000000	 0.000000	 0.000000	 0.000000	 -0.000000	 0.000000	 0.000000	 0.000000	 0.000000	 0.000000	 0.000000	 0.000000	 0.000000	 0.000000	 0.000000	 0.000000	 0.000000	 0.000000	 0.000000	 0.000000	 0.000000	 0.000000	 0.000000	 0.000000	 0.000000	 0.000000	 0.000001	 0.000000	
 TRUCK_METHANOL 	 0.000000	 0.000000	 0.000000	 0.000000	 0.000000	 0.000000	 0.000000	 0.000000	 0.000000	 0.000000	 0.000000	 -0.000018	 0.000000	 0.000000	 0.000000	 0.000000	 0.000000	 0.000000	 0.000000	 0.000000	 0.000000	 0.000000	 0.000000	 0.000000	 0.000000	 0.000000	 0.000000	 0.000034	 0.000000	
 TRUCK_FUEL_CELL 	 0.000000	 0.000000	 0.000000	 0.000000	 0.000000	 0.000000	 0.000000	 0.000000	 0.000000	 -15573.196942	 0.000000	 0.000000	 0.000000	 0.000000	 0.000000	 0.000000	 0.000000	 0.000000	 0.000000	 0.000000	 0.000000	 0.000000	 0.000000	 0.000000	 0.000000	 0.000000	 0.000000	 41744.802999	 0.000000	
 TRUCK_ELEC 	 0.000000	 0.000000	 0.000000	 0.000000	 0.000000	 0.000000	 -0.000134	 0.000000	 0.000000	 0.000000	 0.000000	 0.000000	 0.000000	 0.000000	 0.000000	 0.000000	 0.000000	 0.000000	 0.000000	 0.000000	 0.000000	 0.000000	 0.000000	 0.000000	 0.000000	 0.000000	 0.000000	 0.000596	 0.000000	
 TRUCK_NG 	 0.000000	 0.000000	 0.000000	 0.000000	 0.000000	 0.000000	 0.000000	 -0.000001	 0.000000	 0.000000	 0.000000	 0.000000	 0.000000	 0.000000	 0.000000	 0.000000	 0.000000	 0.000000	 0.000000	 0.000000	 0.000000	 0.000000	 0.000000	 0.000000	 0.000000	 0.000000	 0.000000	 0.000001	 0.000000	
 HABER_BOSCH 	 4355.642418	 0.000000	 0.000000	 0.000000	 0.000000	 0.000000	 -533.797881	 0.000000	 0.000000	 -4921.875932	 0.000000	 0.000000	 0.000000	 0.000000	 0.000000	 0.000000	 0.000000	 0.000000	 0.000000	 0.000000	 0.000000	 583.840123	 0.000000	 0.000000	 0.000000	 0.000000	 0.000000	 0.000000	 0.000000	
 SYN_METHANOLATION 	 0.000000	 0.000000	 -0.000110	 0.000000	 0.000000	 0.000000	 -0.000015	 0.000000	 0.000000	 -0.000537	 0.000000	 0.000446	 0.000000	 0.000000	 0.000000	 0.000000	 0.000000	 0.000000	 0.000000	 0.000000	 0.000000	 0.000037	 0.000000	 0.000000	 0.000000	 0.000000	 0.000000	 0.000000	 0.000000	
 METHANE_TO_METHANOL 	 0.000000	 0.000000	 0.000000	 266.853054	 0.000000	 0.000000	 0.000000	 -6788.418883	 0.000000	 0.000000	 0.000000	 4439.625949	 0.000000	 0.000000	 0.000000	 0.000000	 0.000000	 0.000000	 0.000000	 0.000000	 0.000000	 0.000000	 0.000000	 0.000000	 0.000000	 0.000000	 0.000000	 0.000000	 0.000000	
 BIOMASS_TO_METHANOL 	 0.000000	 0.000000	 0.000000	 0.000020	 0.000000	 0.000000	 0.000002	 0.000000	 0.000000	 0.000000	 0.000000	 0.000052	 0.000000	 0.000000	 0.000000	 0.000000	 0.000000	 0.000000	 0.000000	 -0.000081	 0.000000	 0.000018	 0.000000	 0.000000	 0.000000	 0.000000	 0.000000	 0.000000	 0.000000	
 OIL_TO_HVC 	 0.000000	 0.000000	 0.000000	 0.000100	 0.000000	 0.000000	 -0.000010	 0.000000	 0.000000	 0.000000	 -0.000852	 0.000000	 0.000000	 0.000000	 0.000000	 0.000000	 0.000000	 0.000000	 0.000000	 0.000000	 -0.000008	 0.000000	 0.000000	 0.000000	 0.000000	 0.000000	 0.000000	 0.000000	 0.000469	
 GAS_TO_HVC 	 0.000000	 0.000000	 0.000000	 0.000000	 0.000000	 0.000000	 0.000000	 0.000000	 0.000000	 0.000000	 0.000000	 0.000000	 0.000000	 0.000000	 0.000000	 0.000000	 0.000000	 0.000000	 0.000000	 0.000000	 0.000000	 0.000000	 0.000000	 0.000000	 0.000000	 0.000000	 0.000000	 0.000000	 0.000000	
 METHANOL_TO_HVC 	 0.000000	 0.000000	 0.000000	 0.000000	 0.000000	 0.000000	 0.000000	 0.000000	 0.000000	 0.000000	 0.000000	 -33003.524568	 0.000000	 0.000000	 0.000000	 0.000000	 0.000000	 0.000000	 0.000000	 0.000000	 -8775.020120	 0.000000	 0.000000	 0.000000	 0.000000	 0.000000	 0.000000	 0.000000	 26590.970062	
 ADLIBIO_TO_HVC 	 0.000000	 0.000000	 0.000000	 3459.679423	 0.000000	 0.000000	 -848.493554	 0.000000	 0.000000	 -20265.231375	 0.000000	 0.000000	 0.000000	 0.000000	 0.000000	 0.000000	 0.000000	 0.000000	 0.000000	 -49453.867061	 37522.090845	 0.000000	 0.000000	 0.000000	 0.000000	 0.000000	 0.000000	 0.000000	 16263.455840	
 ADLIBIO_TO_FUEL 	 0.000000	 0.000000	 0.000000	 0.000000	 0.000000	 0.000000	 -0.000007	 0.000000	 0.000417	 -0.000286	 0.000000	 0.000000	 0.000000	 0.000000	 0.000000	 0.000000	 0.000000	 0.000000	 0.000000	 -0.000697	 0.000533	 0.000000	 0.000000	 0.000000	 0.000000	 0.000000	 0.000000	 0.000000	 0.000000	
 AMMONIA_TO_H2 	 -0.000128	 0.000000	 0.000000	 0.000000	 0.000000	 0.000000	 0.000000	 0.000000	 0.000000	 0.000091	 0.000000	 0.000000	 0.000000	 0.000000	 0.000000	 0.000000	 0.000000	 0.000000	 0.000000	 0.000000	 -0.000014	 0.000009	 0.000000	 0.000000	 0.000000	 0.000000	 0.000000	 0.000000	 0.000000	
 ATM_CCS 	 0.000000	 -0.000198	 0.000198	 0.000000	 0.000000	 0.000000	 -0.000257	 0.000000	 0.000000	 0.000000	 0.000000	 0.000000	 0.000000	 0.000000	 0.000000	 0.000000	 0.000000	 0.000000	 0.000000	 0.000000	 0.000000	 0.000000	 0.000000	 0.000000	 0.000000	 0.000000	 0.000000	 0.000000	 0.000000	
 BIO_HYDROLYSIS 	 0.000000	 0.000000	 0.000000	 11880.059385	 0.000000	 0.000000	 1555.999923	 16454.699139	 0.000000	 0.000000	 0.000000	 0.000000	 0.000000	 0.000000	 0.000000	 0.000000	 0.000000	 0.000000	 -38899.997967	 0.000000	 0.000000	 0.000000	 0.000000	 0.000000	 0.000000	 0.000000	 0.000000	 0.000000	 0.000000	
 BIOMETHANATION 	 0.000000	 0.000000	 0.000000	 0.000725	 0.000000	 0.000000	 0.000000	 0.000656	 0.000000	 0.000000	 0.000000	 0.000000	 0.000000	 0.000000	 0.000000	 0.000000	 0.000000	 0.000000	 -0.002196	 0.000000	 0.000000	 0.000000	 0.000000	 0.000000	 0.000000	 0.000000	 0.000000	 0.000000	 0.000000	
 DHN 	 0.000000	 0.000000	 0.000000	 0.000000	 0.000000	 0.000000	 0.000000	 0.000000	 0.000000	 0.000000	 0.000000	 0.000000	 0.000000	 0.000000	 0.000000	 0.000000	 0.000000	 0.000000	 0.000000	 0.000000	 0.000000	 0.000000	 0.000000	 0.000000	 0.000000	 0.000000	 0.000000	 0.000000	 0.000000	
 EFFICIENCY 	 0.000000	 0.000000	 0.000000	 0.000000	 0.000000	 0.000000	 0.000000	 0.000000	 0.000000	 0.000000	 0.000000	 0.000000	 0.000000	 0.000000	 0.000000	 0.000000	 0.000000	 0.000000	 0.000000	 0.000000	 0.000000	 0.000000	 0.000000	 0.000000	 0.000000	 0.000000	 0.000000	 0.000000	 0.000000	
 GASIFICATION_SNG 	 0.000000	 0.000000	 0.000000	 0.000027	 0.000000	 0.000000	 0.000000	 0.000068	 0.000000	 0.000000	 0.000000	 0.000000	 0.000000	 0.000000	 0.000000	 0.000000	 0.000000	 0.000000	 0.000000	 -0.000097	 0.000000	 0.000023	 0.000000	 0.000000	 0.000000	 0.000000	 0.000000	 0.000000	 0.000000	
 GRID 	 0.000000	 0.000000	 0.000000	 0.000000	 0.000000	 0.000000	 0.000000	 0.000000	 0.000000	 0.000000	 0.000000	 0.000000	 0.000000	 0.000000	 0.000000	 0.000000	 0.000000	 0.000000	 0.000000	 0.000000	 0.000000	 0.000000	 0.000000	 0.000000	 0.000000	 0.000000	 0.000000	 0.000000	 0.000000	
 H2_BIOMASS 	 0.000000	 0.000000	 0.000000	 0.000707	 0.000000	 0.000000	 0.000000	 0.000000	 0.000000	 0.000785	 0.000000	 0.000000	 0.000000	 0.000000	 0.000000	 0.000000	 0.000000	 0.000000	 0.000000	 -0.001763	 0.000000	 0.000000	 0.000000	 0.000000	 0.000000	 0.000000	 0.000000	 0.000000	 0.000000	
 H2_ELECTROLYSIS 	 0.000000	 0.000000	 0.000000	 0.000000	 0.000000	 0.000000	 -0.000369	 0.000000	 0.000000	 0.000343	 0.000000	 0.000000	 0.000000	 0.000000	 0.000000	 0.000000	 0.000000	 0.000000	 0.000000	 0.000000	 -0.000065	 0.000007	 0.000000	 0.000000	 0.000000	 0.000000	 0.000000	 0.000000	 0.000000	
 INDUSTRY_CCS 	 0.000000	 0.000000	 0.000035	 -0.000039	 0.000000	 0.000000	 -0.000009	 0.000000	 0.000000	 0.000000	 0.000000	 0.000000	 0.000000	 0.000000	 0.000000	 0.000000	 0.000000	 0.000000	 0.000000	 0.000000	 0.000000	 0.000000	 0.000000	 0.000000	 0.000000	 0.000000	 0.000000	 0.000000	 0.000000	
 REDIFUEL 	 0.000000	 0.000000	 0.000000	 0.000012	 0.000000	 0.000012	 -0.000005	 0.000000	 0.000008	 0.000000	 0.000000	 0.000000	 0.000000	 0.000000	 0.000000	 0.000000	 0.000000	 0.000000	 0.000000	 -0.000043	 0.000000	 0.000000	 0.000000	 0.000000	 0.000000	 0.000000	 0.000000	 0.000000	 0.000000	
 SMR 	 0.000000	 0.000000	 0.000000	 0.000036	 0.000000	 0.000000	 0.000000	 -0.000178	 0.000000	 0.000130	 0.000000	 0.000000	 0.000000	 0.000000	 0.000000	 0.000000	 0.000000	 0.000000	 0.000000	 0.000000	 0.000000	 0.000000	 0.000000	 0.000000	 0.000000	 0.000000	 0.000000	 0.000000	 0.000000	
 SYN_METHANATION 	 0.000000	 0.000000	 -0.000071	 0.000000	 0.000000	 0.000000	 0.000000	 0.000354	 0.000000	 -0.000425	 0.000000	 0.000000	 0.000000	 0.000000	 0.000000	 0.000000	 0.000000	 0.000000	 0.000000	 0.000000	 0.000000	 0.000104	 0.000000	 0.000000	 0.000000	 0.000000	 0.000000	 0.000000	 0.000000	
 PHS 	 0.000000	 0.000000	 0.000000	 0.000000	 0.000000	 0.000000	 -236.490316	 0.000000	 0.000000	 0.000000	 0.000000	 0.000000	 0.000000	 0.000000	 0.000000	 0.000000	 0.000000	 0.000000	 0.000000	 0.000000	 0.000000	 0.000000	 0.000000	 0.000000	 0.000000	 0.000000	 0.000000	 0.000000	 0.000000	
 BATT_LI 	 0.000000	 0.000000	 0.000000	 0.000000	 0.000000	 0.000000	 -313.475106	 0.000000	 0.000000	 0.000000	 0.000000	 0.000000	 0.000000	 0.000000	 0.000000	 0.000000	 0.000000	 0.000000	 0.000000	 0.000000	 0.000000	 0.000000	 0.000000	 0.000000	 0.000000	 0.000000	 0.000000	 0.000000	 0.000000	
 BEV_BATT 	 0.000000	 0.000000	 0.000000	 0.000000	 0.000000	 0.000000	 -1441.236168	 0.000000	 0.000000	 0.000000	 0.000000	 0.000000	 0.000000	 0.000000	 0.000000	 0.000000	 0.000000	 0.000000	 0.000000	 0.000000	 0.000000	 0.000000	 0.000000	 0.000000	 0.000000	 0.000000	 0.000000	 0.000000	 0.000000	
 PHEV_BATT 	 0.000000	 0.000000	 0.000000	 0.000000	 0.000000	 0.000000	 -0.000045	 0.000000	 0.000000	 0.000000	 0.000000	 0.000000	 0.000000	 0.000000	 0.000000	 0.000000	 0.000000	 0.000000	 0.000000	 0.000000	 0.000000	 0.000000	 0.000000	 0.000000	 0.000000	 0.000000	 0.000000	 0.000000	 0.000000	
 TS_DEC_DIRECT_ELEC 	 0.000000	 0.000000	 0.000000	 0.000000	 0.000000	 0.000000	 0.000000	 0.000000	 0.000000	 0.000000	 0.000000	 0.000000	 0.000000	 0.000000	 0.000000	 0.000000	 0.000000	 0.000000	 0.000000	 0.000000	 0.000000	 0.000000	 -0.000043	 0.000000	 0.000000	 0.000000	 0.000000	 0.000000	 0.000000	
 TS_DEC_HP_ELEC 	 0.000000	 0.000000	 0.000000	 0.000000	 0.000000	 0.000000	 0.000000	 0.000000	 0.000000	 0.000000	 0.000000	 0.000000	 0.000000	 0.000000	 0.000000	 0.000000	 0.000000	 0.000000	 0.000000	 0.000000	 0.000000	 0.000000	 -952.655514	 0.000000	 0.000000	 0.000000	 0.000000	 0.000000	 0.000000	
 TS_DEC_THHP_GAS 	 0.000000	 0.000000	 0.000000	 0.000000	 0.000000	 0.000000	 0.000000	 0.000000	 0.000000	 0.000000	 0.000000	 0.000000	 0.000000	 0.000000	 0.000000	 0.000000	 0.000000	 0.000000	 0.000000	 0.000000	 0.000000	 0.000000	 -0.000097	 0.000000	 0.000000	 0.000000	 0.000000	 0.000000	 0.000000	
 TS_DEC_COGEN_GAS 	 0.000000	 0.000000	 0.000000	 0.000000	 0.000000	 0.000000	 0.000000	 0.000000	 0.000000	 0.000000	 0.000000	 0.000000	 0.000000	 0.000000	 0.000000	 0.000000	 0.000000	 0.000000	 0.000000	 0.000000	 0.000000	 0.000000	 -0.000087	 0.000000	 0.000000	 0.000000	 0.000000	 0.000000	 0.000000	
 TS_DEC_COGEN_OIL 	 0.000000	 0.000000	 0.000000	 0.000000	 0.000000	 0.000000	 0.000000	 0.000000	 0.000000	 0.000000	 0.000000	 0.000000	 0.000000	 0.000000	 0.000000	 0.000000	 0.000000	 0.000000	 0.000000	 0.000000	 0.000000	 0.000000	 -0.000072	 0.000000	 0.000000	 0.000000	 0.000000	 0.000000	 0.000000	
 TS_DEC_ADVCOGEN_GAS 	 0.000000	 0.000000	 0.000000	 0.000000	 0.000000	 0.000000	 0.000000	 0.000000	 0.000000	 0.000000	 0.000000	 0.000000	 0.000000	 0.000000	 0.000000	 0.000000	 0.000000	 0.000000	 0.000000	 0.000000	 0.000000	 0.000000	 -0.000082	 0.000000	 0.000000	 0.000000	 0.000000	 0.000000	 0.000000	
 TS_DEC_ADVCOGEN_H2 	 0.000000	 0.000000	 0.000000	 0.000000	 0.000000	 0.000000	 0.000000	 0.000000	 0.000000	 0.000000	 0.000000	 0.000000	 0.000000	 0.000000	 0.000000	 0.000000	 0.000000	 0.000000	 0.000000	 0.000000	 0.000000	 0.000000	 -248.729545	 0.000000	 0.000000	 0.000000	 0.000000	 0.000000	 0.000000	
 TS_DEC_BOILER_GAS 	 0.000000	 0.000000	 0.000000	 0.000000	 0.000000	 0.000000	 0.000000	 0.000000	 0.000000	 0.000000	 0.000000	 0.000000	 0.000000	 0.000000	 0.000000	 0.000000	 0.000000	 0.000000	 0.000000	 0.000000	 0.000000	 0.000000	 -0.000078	 0.000000	 0.000000	 0.000000	 0.000000	 0.000000	 0.000000	
 TS_DEC_BOILER_WOOD 	 0.000000	 0.000000	 0.000000	 0.000000	 0.000000	 0.000000	 0.000000	 0.000000	 0.000000	 0.000000	 0.000000	 0.000000	 0.000000	 0.000000	 0.000000	 0.000000	 0.000000	 0.000000	 0.000000	 0.000000	 0.000000	 0.000000	 -0.000074	 0.000000	 0.000000	 0.000000	 0.000000	 0.000000	 0.000000	
 TS_DEC_BOILER_OIL 	 0.000000	 0.000000	 0.000000	 0.000000	 0.000000	 0.000000	 0.000000	 0.000000	 0.000000	 0.000000	 0.000000	 0.000000	 0.000000	 0.000000	 0.000000	 0.000000	 0.000000	 0.000000	 0.000000	 0.000000	 0.000000	 0.000000	 -0.000065	 0.000000	 0.000000	 0.000000	 0.000000	 0.000000	 0.000000	
 TS_DHN_DAILY 	 0.000000	 0.000000	 0.000000	 0.000000	 0.000000	 0.000000	 0.000000	 0.000000	 0.000000	 0.000000	 0.000000	 0.000000	 0.000000	 0.000000	 0.000000	 0.000000	 0.000000	 0.000000	 0.000000	 0.000000	 0.000000	 -0.000904	 0.000000	 0.000000	 0.000000	 0.000000	 0.000000	 0.000000	 0.000000	
 TS_DHN_SEASONAL 	 0.000000	 0.000000	 0.000000	 0.000000	 0.000000	 0.000000	 0.000000	 0.000000	 0.000000	 0.000000	 0.000000	 0.000000	 0.000000	 0.000000	 0.000000	 0.000000	 0.000000	 0.000000	 0.000000	 0.000000	 0.000000	 -208.999746	 0.000000	 0.000000	 0.000000	 0.000000	 0.000000	 0.000000	 0.000000	
 TS_HIGH_TEMP 	 0.000000	 0.000000	 0.000000	 0.000000	 0.000000	 0.000000	 0.000000	 0.000000	 0.000000	 0.000000	 0.000000	 0.000000	 0.000000	 0.000000	 0.000000	 0.000000	 0.000000	 0.000000	 0.000000	 0.000000	 -90.750769	 0.000000	 0.000000	 0.000000	 0.000000	 0.000000	 0.000000	 0.000000	 0.000000	
 GAS_STORAGE 	 0.000000	 0.000000	 0.000000	 0.000000	 0.000000	 0.000000	 0.000000	 -0.000108	 0.000000	 0.000000	 0.000000	 0.000000	 0.000000	 0.000000	 0.000000	 0.000000	 0.000000	 0.000000	 0.000000	 0.000000	 0.000000	 0.000000	 0.000000	 0.000000	 0.000000	 0.000000	 0.000000	 0.000000	 0.000000	
 H2_STORAGE 	 0.000000	 0.000000	 0.000000	 0.000000	 0.000000	 0.000000	 0.000000	 0.000000	 0.000000	 -392.164519	 0.000000	 0.000000	 0.000000	 0.000000	 0.000000	 0.000000	 0.000000	 0.000000	 0.000000	 0.000000	 0.000000	 0.000000	 0.000000	 0.000000	 0.000000	 0.000000	 0.000000	 0.000000	 0.000000	
 DIESEL_STORAGE 	 0.000000	 0.000000	 0.000000	 0.000000	 0.000000	 0.000000	 0.000000	 0.000000	 0.000000	 0.000000	 0.000000	 0.000000	 0.000000	 0.000000	 0.000000	 0.000000	 0.000000	 0.000000	 0.000000	 0.000000	 0.000000	 0.000000	 0.000000	 0.000000	 0.000000	 0.000000	 0.000000	 0.000000	 0.000000	
 GASOLINE_STORAGE 	 0.000000	 0.000000	 0.000000	 0.000000	 0.000000	 0.000000	 0.000000	 0.000000	 0.000000	 0.000000	 0.000000	 0.000000	 0.000000	 0.000000	 0.000000	 0.000000	 0.000000	 0.000000	 0.000000	 0.000000	 0.000000	 0.000000	 0.000000	 0.000000	 0.000000	 0.000000	 0.000000	 0.000000	 0.000000	
 LFO_STORAGE 	 0.000000	 0.000000	 0.000000	 0.000000	 0.000000	 0.000000	 0.000000	 0.000000	 0.000000	 0.000000	 -0.000000	 0.000000	 0.000000	 0.000000	 0.000000	 0.000000	 0.000000	 0.000000	 0.000000	 0.000000	 0.000000	 0.000000	 0.000000	 0.000000	 0.000000	 0.000000	 0.000000	 0.000000	 0.000000	
 AMMONIA_STORAGE 	 0.000000	 0.000000	 0.000000	 0.000000	 0.000000	 0.000000	 0.000000	 0.000000	 0.000000	 0.000000	 0.000000	 0.000000	 0.000000	 0.000000	 0.000000	 0.000000	 0.000000	 0.000000	 0.000000	 0.000000	 0.000000	 0.000000	 0.000000	 0.000000	 0.000000	 0.000000	 0.000000	 0.000000	 0.000000	
 METHANOL_STORAGE 	 0.000000	 0.000000	 0.000000	 0.000000	 0.000000	 0.000000	 0.000000	 0.000000	 0.000000	 0.000000	 0.000000	 -0.000000	 0.000000	 0.000000	 0.000000	 0.000000	 0.000000	 0.000000	 0.000000	 0.000000	 0.000000	 0.000000	 0.000000	 0.000000	 0.000000	 0.000000	 0.000000	 0.000000	 0.000000	
 CO2_STORAGE 	 0.000000	 0.000000	 -0.000000	 0.000000	 0.000000	 0.000000	 0.000000	 0.000000	 0.000000	 0.000000	 0.000000	 0.000000	 0.000000	 0.000000	 0.000000	 0.000000	 0.000000	 0.000000	 0.000000	 0.000000	 0.000000	 0.000000	 0.000000	 0.000000	 0.000000	 0.000000	 0.000000	 0.000000	 0.000000	
 END_USES_DEMAND 	 10562.323200	 0.000000	 0.000000	 0.000000	 0.000000	 0.000000	 113167.880375	 0.000000	 0.000000	 0.000000	 0.000000	 1595.350900	 0.000000	 0.000000	 0.000000	 0.000000	 0.000000	 0.000000	 0.000000	 0.000000	 56713.300000	 44695.997105	 72281.001840	 79634.290482	 79634.289512	 23191.549054	 27829.859069	 41744.788132	 42854.425900	