Name	Crit_1_tech	Crit_1_res	Crit_1_op
NUCLEAR	0.000000	0.000000	0.000000
CCGT	0.000001	0.000000	0.000005
CCGT_AMMONIA	0.000000	0.000000	0.000000
COAL_US	0.000000	0.000000	0.000000
COAL_IGCC	0.000000	0.000000	0.000000
PV	5.836222	0.000000	0.000000
WIND_ONSHORE	1.005420	0.000000	0.011527
WIND_OFFSHORE	0.922150	0.000000	0.016031
HYDRO_RIVER	0.017545	0.000000	0.000052
GEOTHERMAL	0.000000	0.000000	0.000000
IND_COGEN_GAS	0.538385	0.000000	11.294069
IND_COGEN_WOOD	0.000000	0.000000	0.000003
IND_COGEN_WASTE	0.000000	0.000000	0.000000
IND_BOILER_GAS	0.022195	0.000000	0.511416
IND_BOILER_WOOD	0.000001	0.000000	0.000003
IND_BOILER_OIL	0.000000	0.000000	0.000004
IND_BOILER_COAL	0.000002	0.000000	0.000086
IND_BOILER_WASTE	0.047138	0.000000	0.389185
IND_DIRECT_ELEC	0.000000	0.000000	0.000000
DHN_HP_ELEC	0.336770	0.000000	0.015689
DHN_COGEN_GAS	0.157432	0.000000	3.740131
DHN_COGEN_WOOD	0.000000	0.000000	0.000002
DHN_COGEN_WASTE	0.000000	0.000000	0.000000
DHN_COGEN_WET_BIOMASS	0.000002	0.000000	0.000004
DHN_COGEN_BIO_HYDROLYSIS	0.000000	0.000000	0.000002
DHN_BOILER_GAS	0.000000	0.000000	0.000001
DHN_BOILER_WOOD	0.000000	0.000000	0.000002
DHN_BOILER_OIL	0.000000	0.000000	0.000002
DHN_DEEP_GEO	0.000000	0.000000	0.000000
DHN_SOLAR	0.000008	0.000000	0.000000
DEC_HP_ELEC	1.026145	0.000000	0.032310
DEC_THHP_GAS	1.048474	0.000000	0.377117
DEC_COGEN_GAS	0.000001	0.000000	0.000006
DEC_COGEN_OIL	0.000001	0.000000	0.000031
DEC_ADVCOGEN_GAS	0.000001	0.000000	0.000001
DEC_ADVCOGEN_H2	0.000001	0.000000	0.000000
DEC_BOILER_GAS	0.000001	0.000000	0.000001
DEC_BOILER_WOOD	0.000001	0.000000	0.000002
DEC_BOILER_OIL	0.000001	0.000000	0.000003
DEC_SOLAR	0.000079	0.000000	0.000000
DEC_DIRECT_ELEC	0.000000	0.000000	0.000000
TRAMWAY_TROLLEY	0.092180	0.000000	0.000000
BUS_COACH_DIESEL	0.000000	0.000000	0.000000
BUS_COACH_HYDIESEL	0.000000	0.000000	0.000000
BUS_COACH_CNG_STOICH	2.184663	0.000000	4.453831
BUS_COACH_FC_HYBRIDH2	0.000000	0.000000	0.000000
BUS_COACH_ELECTRIC	0.000001	0.000000	0.000000
TRAIN_PUB	0.014350	0.000000	0.000000
CAR_GASOLINE	12.065647	0.000000	3.874510
CAR_DIESEL	0.000000	0.000000	0.000000
CAR_NG	0.000000	0.000000	0.000000
CAR_METHANOL	0.000000	0.000000	0.000000
CAR_HEV	0.000000	0.000000	0.000000
CAR_PHEV	0.000053	0.000000	0.000003
CAR_BEV	17.909554	0.000000	0.817054
CAR_FUEL_CELL	0.000000	0.000000	0.000000
TRAIN_FREIGHT	0.200259	0.000000	0.597144
BOAT_FREIGHT_DIESEL	0.000000	0.000000	0.000001
BOAT_FREIGHT_NG	0.000000	0.000000	0.000000
BOAT_FREIGHT_METHANOL	0.157749	0.000000	10.295350
TRUCK_DIESEL	5.273560	0.000000	10.930917
TRUCK_METHANOL	0.111800	0.000000	0.270619
TRUCK_FUEL_CELL	0.000000	0.000000	0.000000
TRUCK_ELEC	0.000002	0.000000	0.000000
TRUCK_NG	0.000001	0.000000	0.000001
HABER_BOSCH	1.603695	0.000000	0.477845
SYN_METHANOLATION	0.000004	0.000000	0.000000
METHANE_TO_METHANOL	0.000000	0.000000	0.000000
BIOMASS_TO_METHANOL	0.000003	0.000000	0.000001
OIL_TO_HVC	0.000008	0.000000	0.000000
GAS_TO_HVC	0.000006	0.000000	0.000000
METHANOL_TO_HVC	3.861239	0.000000	0.000000
ADLIBIO_TO_HVC	0.000003	0.000000	0.000000
PHS	2.710191	0.000000	0.000000
BATT_LI	0.000005	0.000000	0.000000
BEV_BATT	0.000000	0.000000	0.000000
PHEV_BATT	0.000081	0.000000	0.000000
TS_DEC_DIRECT_ELEC	0.000002	0.000000	0.000000
TS_DEC_HP_ELEC	0.080602	0.000000	0.000000
TS_DEC_THHP_GAS	0.018697	0.000000	0.000000
TS_DEC_COGEN_GAS	0.000002	0.000000	0.000000
TS_DEC_COGEN_OIL	0.000002	0.000000	0.000000
TS_DEC_ADVCOGEN_GAS	0.000002	0.000000	0.000000
TS_DEC_ADVCOGEN_H2	0.000002	0.000000	0.000000
TS_DEC_BOILER_GAS	0.000002	0.000000	0.000000
TS_DEC_BOILER_WOOD	0.000002	0.000000	0.000000
TS_DEC_BOILER_OIL	0.000002	0.000000	0.000000
TS_DHN_DAILY	0.000011	0.000000	0.000000
TS_DHN_SEASONAL	1.211407	0.000000	0.000000
TS_HIGH_TEMP	0.012250	0.000000	0.000000
GAS_STORAGE	0.167435	0.000000	0.000000
H2_STORAGE	0.032599	0.000000	0.000000
DIESEL_STORAGE	27.245600	0.000000	0.000000
GASOLINE_STORAGE	26.548157	0.000000	0.000000
LFO_STORAGE	31.964862	0.000000	0.000000
AMMONIA_STORAGE	0.000502	0.000000	0.000000
METHANOL_STORAGE	0.002370	0.000000	0.000000
CO2_STORAGE	0.000021	0.000000	0.000000
ADLIBIO_TO_FUEL	2.411275	0.000000	2.690036
AMMONIA_TO_H2	0.000001	0.000000	0.000000
ATM_CCS	0.000000	0.000000	0.000000
BIO_HYDROLYSIS	0.080670	0.000000	3.553579
BIOMETHANATION	0.494101	0.000000	0.384946
DHN	0.000000	0.000000	0.000000
EFFICIENCY	0.000000	0.000000	0.000000
GASIFICATION_SNG	0.000000	0.000000	0.000001
GRID	1.639127	0.000000	0.000000
H2_BIOMASS	0.000000	0.000000	0.000000
H2_ELECTROLYSIS	0.000001	0.000000	0.000000
INDUSTRY_CCS	0.000000	0.000000	0.000000
REDIFUEL	0.000001	0.000000	0.000000
SMR	0.000000	0.000000	0.293637
SYN_METHANATION	0.000000	0.000000	0.000000
AMMONIA	0.000000	0.000002	0.000000
AMMONIA_RE_BE	0.000000	0.000000	0.000000
AMMONIA_RE_IMPORT	0.000000	22.170450	0.000000
BIODIESEL	0.000000	0.000026	0.000000
BIODIESEL_BE	0.000000	0.000000	0.000000
BIOETHANOL	0.000000	0.000028	0.000000
CO2_ATM	0.000000	0.000000	0.000000
CO2_CAPTURED	0.000000	0.000000	0.000000
CO2_EMISSIONS	0.000000	0.000000	0.000000
CO2_INDUSTRY	0.000000	0.000000	0.000000
COAL	0.000000	0.000011	0.000000
DIESEL	0.000000	9.611093	0.000000
ELEC_EXPORT	0.000000	0.000000	0.000000
ELECTRICITY	0.000000	7.399026	0.000000
GAS	0.000000	15.251088	0.000000
GAS_RE_BE	0.000000	0.000000	0.000000
GAS_RE_IMPORT	0.000000	0.000000	0.000000
GASOLINE	0.000000	0.000054	0.000000
H2	0.000000	0.000000	0.000000
H2_RE_BE	0.000000	0.000000	0.000000
H2_RE_IMPORT	0.000000	5.215236	0.000000
LFO	0.000000	0.000022	0.000000
LFO_RE_BE	0.000000	0.000000	0.000000
METHANOL	0.000000	17.862998	0.000000
METHANOL_RE_BE	0.000000	0.000000	0.000000
METHANOL_RE_IMPORT	0.000000	0.000002	0.000000
RES_GEO	0.000000	0.000000	0.000000
RES_HYDRO	0.000000	0.000000	0.000000
RES_SOLAR	0.000000	0.000000	0.000000
RES_WIND	0.000000	0.000000	0.000000
URANIUM	0.000000	0.000000	0.000000
WASTE	0.000000	0.000000	0.000000
WET_BIOMASS	0.000000	9.841376	0.000000
WOOD	0.000000	3.883016	0.000000
WOOD_PRODUCTION	0.000000	1.453806	0.000000
