TECHNOLOGIES	 c_inv	 c_maint	 lifetime	  f_min	 f	 f_max	 fmin_perc	f_perc	 fmax_perc	 c_p	 c_p_max	 tau	 gwp_constr
 UNITS	[M€/GW]	 [M€/GW/y]	 [y]	 [GW or GWh]	 [GW or GWh]	 [GW or GWh]	 [0-1]	 [0-1]	 [0-1]	 [0-1]	 [0-1]	 [-]	 [ktCO2-eq./GW or GWh]
PT_POWER_BLOCK	0.000000	0.000000	25.000000	0.000000	0.000000	0.000000	0.000000	0.000000	1.000000	0.000000	1.000000	0.048263	0.000000
ST_POWER_BLOCK	0.000000	0.000000	25.000000	0.000000	0.000000	0.000000	0.000000	0.000000	1.000000	0.000000	1.000000	0.048263	0.000000
HYDRO_DAM	4.200698	0.021002	40.000000	0.000000	0.001000	0.001000	0.000000	0.000083	1.000000	0.999973	1.000000	0.033427	1.692880
TIDAL	0.000000	0.000000	40.000000	0.000000	0.000000	0.000000	0.000000	0.000000	1.000000	0.000000	1.000000	0.033427	0.000000
WAVE	0.000000	0.000000	20.000000	0.000000	0.000000	0.000000	0.000000	0.000000	0.000000	0.000000	1.000000	0.058246	0.000000
NUCLEAR	0.000000	0.000000	60.000000	0.000000	0.000000	0.000000	0.000000	0.000000	1.000000	0.000000	0.849000	0.025393	0.000000
CCGT	0.001025	0.000026	25.000000	0.000000	0.000001	Infinity	0.000000	0.000000	1.000000	0.002577	0.961540	0.048263	0.000242
CCGT_AMMONIA	0.000834	0.000021	25.000000	0.000000	0.000001	Infinity	0.000000	0.000000	1.000000	0.000490	0.630000	0.048263	0.000197
COAL_US	0.000000	0.000000	35.000000	0.000000	0.000000	0.000000	0.000000	0.000000	1.000000	0.000000	0.868000	0.036934	0.000000
COAL_IGCC	0.000000	0.000000	35.000000	0.000000	0.000000	0.000000	0.000000	0.000000	1.000000	0.000000	0.856000	0.036934	0.000000
PV	56039.903842	639.977572	25.000000	0.000000	59.174995	59.200000	0.000000	0.586067	1.000000	0.118708	1.000000	0.048263	123168.610013
WIND_ONSHORE	10603.899999	123.331765	30.000000	0.000000	10.000000	10.000000	0.000000	0.202952	1.000000	0.243255	1.000000	0.041639	6228.500000
WIND_OFFSHORE	30490.679896	212.138805	30.000000	0.000000	6.000000	6.000000	0.000000	0.206254	1.000000	0.412023	1.000000	0.041639	3737.099987
HYDRO_RIVER	580.165794	5.801152	40.000000	0.000000	0.115000	0.115000	0.000000	0.004644	1.000000	0.484000	1.000000	0.033427	145.224298
GEOTHERMAL	0.000000	0.000000	30.000000	0.000000	0.000000	0.000000	0.000000	0.000000	1.000000	0.000000	0.950000	0.041639	0.000000
IND_COGEN_GAS	8774.859678	564.037805	25.000000	0.000000	6.090354	Infinity	0.000000	0.723845	1.000000	0.850000	0.850000	0.048263	6238.471012
IND_COGEN_WOOD	0.000896	0.000033	25.000000	0.000000	0.000001	Infinity	0.000000	0.000000	1.000000	0.001222	0.850000	0.048263	0.000134
IND_COGEN_WASTE	0.000835	0.000031	25.000000	0.000000	0.000000	Infinity	0.000000	0.000000	1.000000	0.000374	0.850000	0.048263	0.000179
IND_BOILER_GAS	7.537358	0.151014	17.000000	0.000000	0.127990	Infinity	0.000000	0.017001	1.000000	0.949999	0.950000	0.067080	1.576842
IND_BOILER_WOOD	0.000664	0.000013	17.000000	0.000000	0.000006	Infinity	0.000000	0.000000	1.000000	0.002819	0.900000	0.067080	0.000166
IND_BOILER_OIL	0.000573	0.000012	17.000000	0.000000	0.000010	Infinity	0.000000	0.000000	1.000000	0.001712	0.950000	0.067080	0.000129
IND_BOILER_COAL	23.957142	0.479140	17.000000	0.000000	0.207997	Infinity	0.000000	0.026174	1.000000	0.899982	0.900000	0.067080	10.021315
IND_BOILER_WASTE	213.239798	4.264771	17.000000	0.000000	1.851361	Infinity	0.000000	0.232979	1.000000	0.900000	0.900000	0.067080	53.448802
IND_DIRECT_ELEC	0.000770	0.000003	15.000000	0.000000	0.000002	Infinity	0.000000	0.000000	1.000000	0.001632	0.950000	0.074944	0.000003
DHN_HP_ELEC	2954.430644	100.183429	25.000000	0.000000	8.351747	Infinity	0.000000	1.000000	1.000000	0.638343	0.950000	0.048263	1459.801929
DHN_COGEN_GAS	0.001168	0.000034	25.000000	0.000000	0.000001	Infinity	0.000000	0.000000	1.000000	0.003236	0.850000	0.048263	0.000447
DHN_COGEN_WOOD	0.000664	0.000024	25.000000	0.000000	0.000001	Infinity	0.000000	0.000000	1.000000	0.000464	0.850000	0.048263	0.000099
DHN_COGEN_WASTE	0.000736	0.000027	25.000000	0.000000	0.000000	Infinity	0.000000	0.000000	1.000000	0.000267	0.850000	0.048263	0.000158
DHN_COGEN_WET_BIOMASS	0.000469	0.000038	25.000000	0.000000	0.000000	Infinity	0.000000	0.000000	1.000000	0.000953	0.750000	0.048263	0.000342
DHN_COGEN_BIO_HYDROLYSIS	0.000526	0.000026	15.000000	0.000000	0.000000	Infinity	0.000000	0.000000	1.000000	0.000202	0.850000	0.074944	0.000073
DHN_BOILER_GAS	0.000141	0.000003	17.000000	0.000000	0.000002	Infinity	0.000000	0.000000	1.000000	0.001290	0.950000	0.067080	0.000030
DHN_BOILER_WOOD	0.000224	0.000004	17.000000	0.000000	0.000002	Infinity	0.000000	0.000000	1.000000	0.000703	0.900000	0.067080	0.000056
DHN_BOILER_OIL	0.000123	0.000003	17.000000	0.000000	0.000002	Infinity	0.000000	0.000000	1.000000	0.000850	0.950000	0.067080	0.000028
DHN_DEEP_GEO	0.000000	0.000000	30.000000	0.000000	0.000000	0.000000	0.000000	0.000000	1.000000	0.000000	0.850000	0.041639	0.000000
DHN_SOLAR	0.000184	0.000000	30.000000	0.000000	0.000001	Infinity	0.000000	0.000000	1.000000	0.000234	1.000000	0.041639	0.000111
DEC_HP_ELEC	10100.792547	421.146315	18.000000	0.000000	20.006323	Infinity	0.000000	0.999999	1.000000	0.433204	1.000000	0.063806	3298.842662
DEC_THHP_GAS	0.004795	0.000140	20.000000	0.000000	0.000015	Infinity	0.000000	0.000001	1.000000	0.060128	1.000000	0.058246	0.005654
DEC_COGEN_GAS	0.001312	0.000084	20.000000	0.000000	0.000001	Infinity	0.000000	0.000000	1.000000	0.002257	1.000000	0.058246	0.000933
DEC_COGEN_OIL	0.000958	0.000059	20.000000	0.000000	0.000001	Infinity	0.000000	0.000000	1.000000	0.000583	1.000000	0.058246	0.000734
DEC_ADVCOGEN_GAS	0.001762	0.000033	20.000000	0.000000	0.000000	Infinity	0.000000	0.000000	1.000000	0.000664	1.000000	0.058246	0.000497
DEC_ADVCOGEN_H2	0.001266	0.000024	20.000000	0.000000	0.000000	Infinity	0.000000	0.000000	1.000000	0.000202	1.000000	0.058246	0.000357
DEC_BOILER_GAS	0.000983	0.000030	17.000000	0.000000	0.000006	Infinity	0.000000	0.000000	1.000000	0.002063	1.000000	0.067080	0.000131
DEC_BOILER_WOOD	0.001138	0.000040	17.000000	0.000000	0.000002	Infinity	0.000000	0.000000	1.000000	0.001125	1.000000	0.067080	0.000052
DEC_BOILER_OIL	0.000745	0.000045	17.000000	0.000000	0.000005	Infinity	0.000000	0.000000	1.000000	0.001069	1.000000	0.067080	0.000110
DEC_SOLAR	0.003958	0.000044	20.000000	0.000000	0.000005	Infinity	0.000000	0.000000	1.000000	0.002434	1.000000	0.058246	0.001201
DEC_DIRECT_ELEC	0.001178	0.000005	15.000000	0.000000	0.000029	Infinity	0.000000	0.000000	1.000000	0.001002	1.000000	0.074944	0.000043
DEC_THHP_GAS_COLD	0.001809	0.000053	20.000000	0.000000	0.000005	Infinity	0.000000	0.900495	1.000000	0.037827	1.000000	0.058246	0.002036
DEC_ELEC_COLD	0.000706	0.000029	18.000000	0.000000	0.000001	Infinity	0.000000	0.099505	1.000000	0.004180	1.000000	0.063806	0.000220
TRAMWAY_TROLLEY	0.000522	0.000010	30.000000	0.000000	0.000001	Infinity	0.000000	0.000000	0.300000	0.000000	0.342470	0.041639	0.000000
BUS_COACH_DIESEL	0.000027	0.000001	15.000000	0.000000	0.000000	Infinity	0.000000	0.000000	1.000000	0.000000	0.296800	0.074944	0.000000
BUS_COACH_HYDIESEL	0.000033	0.000001	15.000000	0.000000	0.000000	Infinity	0.000000	0.000000	1.000000	0.000000	0.296800	0.074944	0.000000
BUS_COACH_CNG_STOICH	0.000029	0.000001	15.000000	0.000000	0.000000	Infinity	0.000000	0.000000	1.000000	0.000000	0.296800	0.074944	0.000000
BUS_COACH_FC_HYBRIDH2	0.000070	0.000002	15.000000	0.000000	0.000000	Infinity	0.000000	0.000000	1.000000	0.000000	0.296800	0.074944	0.000000
BUS_COACH_ELECTRIC	0.000077	0.000002	15.000000	0.000000	0.000000	Infinity	0.000000	0.000000	1.000000	0.000000	0.296800	0.074944	0.000000
TRAIN_PUB	0.000631	0.000023	40.000000	0.000000	0.000000	Infinity	0.000000	0.000000	0.500000	0.000000	0.275070	0.033427	0.000000
IND_ELEC_COLD	0.000061	0.000000	20.000000	0.000000	0.000000	Infinity	0.000000	0.000000	1.000000	0.000000	0.950000	0.058246	0.000016
TRAMWAY_TROLLEY	0.000522	0.000010	30.000000	0.000000	0.000001	Infinity	0.000000	0.000000	0.300000	0.000000	0.342470	0.041639	0.000000
BUS_COACH_DIESEL	0.000027	0.000001	15.000000	0.000000	0.000000	Infinity	0.000000	0.000000	1.000000	0.000000	0.296800	0.074944	0.000000
BUS_COACH_HYDIESEL	0.000033	0.000001	15.000000	0.000000	0.000000	Infinity	0.000000	0.000000	1.000000	0.000000	0.296800	0.074944	0.000000
BUS_COACH_CNG_STOICH	0.000029	0.000001	15.000000	0.000000	0.000000	Infinity	0.000000	0.000000	1.000000	0.000000	0.296800	0.074944	0.000000
BUS_COACH_FC_HYBRIDH2	0.000070	0.000002	15.000000	0.000000	0.000000	Infinity	0.000000	0.000000	1.000000	0.000000	0.296800	0.074944	0.000000
BUS_COACH_ELECTRIC	0.000077	0.000002	15.000000	0.000000	0.000000	Infinity	0.000000	0.000000	1.000000	0.000000	0.296800	0.074944	0.000000
TRAIN_PUB	0.000631	0.000023	40.000000	0.000000	0.000000	Infinity	0.000000	0.000000	0.500000	0.000000	0.275070	0.033427	0.000000
TRAMWAY_TROLLEY	0.000522	0.000010	30.000000	0.000000	0.000001	Infinity	0.000000	0.000000	0.300000	0.000000	0.342470	0.041639	0.000000
BUS_COACH_DIESEL	0.000027	0.000001	15.000000	0.000000	0.000000	Infinity	0.000000	0.000000	1.000000	0.000000	0.296800	0.074944	0.000000
BUS_COACH_HYDIESEL	0.000033	0.000001	15.000000	0.000000	0.000000	Infinity	0.000000	0.000000	1.000000	0.000000	0.296800	0.074944	0.000000
BUS_COACH_CNG_STOICH	0.000029	0.000001	15.000000	0.000000	0.000000	Infinity	0.000000	0.000000	1.000000	0.000000	0.296800	0.074944	0.000000
BUS_COACH_FC_HYBRIDH2	0.000070	0.000002	15.000000	0.000000	0.000000	Infinity	0.000000	0.000000	1.000000	0.000000	0.296800	0.074944	0.000000
BUS_COACH_ELECTRIC	0.000077	0.000002	15.000000	0.000000	0.000000	Infinity	0.000000	0.000000	1.000000	0.000000	0.296800	0.074944	0.000000
TRAIN_PUB	0.000631	0.000023	40.000000	0.000000	0.000000	Infinity	0.000000	0.000000	0.500000	0.000000	0.275070	0.033427	0.000000
CAR_GASOLINE	0.000106	0.000006	10.000000	0.000000	0.000000	Infinity	0.000000	0.000000	1.000000	0.000129	0.051370	0.108434	0.000000
CAR_DIESEL	0.000082	0.000005	10.000000	0.000000	0.000000	Infinity	0.000000	0.000000	1.000000	0.000096	0.051370	0.108434	0.000000
CAR_NG	0.000105	0.000006	10.000000	0.000000	0.000000	Infinity	0.000000	0.000000	1.000000	0.000126	0.051370	0.108434	0.000000
CAR_METHANOL	0.000069	0.000004	10.000000	0.000000	0.000000	Infinity	0.000000	0.000000	1.000000	0.000083	0.051370	0.108434	0.000000
CAR_HEV	0.000078	0.000006	10.000000	0.000000	0.000000	Infinity	0.000000	0.000000	1.000000	0.000093	0.051370	0.108434	0.000000
CAR_PHEV	0.032897	0.002435	10.000000	0.000000	0.000072	Infinity	0.000000	0.000000	1.000000	0.020180	0.051370	0.108434	0.000000
CAR_BEV	149653.966111	3359.462278	10.000000	0.000000	335.946228	Infinity	0.000000	1.000000	1.000000	0.051370	0.051370	0.108434	0.000000
CAR_FUEL_CELL	0.000033	0.000000	10.000000	0.000000	0.000000	Infinity	0.000000	0.000000	1.000000	0.000000	0.051370	0.108434	0.000000
TRAIN_FREIGHT	737.033540	14.740047	40.000000	0.000000	7.058356	Infinity	0.000000	1.000000	1.000000	0.342470	0.342470	0.033427	0.000000
BOAT_FREIGHT_DIESEL	0.000911	0.000046	40.000000	0.000000	0.000012	Infinity	0.000000	0.000000	1.000000	0.013706	0.114160	0.033427	0.000000
BOAT_FREIGHT_NG	1927.297503	97.049515	40.000000	0.000000	25.409328	Infinity	0.000000	1.000000	1.000000	0.114160	0.114160	0.033427	0.000000
BOAT_FREIGHT_METHANOL	0.000012	0.000001	40.000000	0.000000	0.000000	Infinity	0.000000	0.000000	1.000000	0.000142	0.114160	0.033427	0.000000
TRUCK_DIESEL	0.003012	0.000152	15.000000	0.000000	0.000008	Infinity	0.000000	0.000000	1.000000	0.007572	0.092590	0.074944	0.000000
TRUCK_METHANOL	0.000072	0.000004	15.000000	0.000000	0.000000	Infinity	0.000000	0.000000	1.000000	0.000179	0.092590	0.074944	0.000000
TRUCK_FUEL_CELL	19033.066819	567.047733	15.000000	0.000000	46.992906	Infinity	0.000000	0.999995	1.000000	0.092590	0.092590	0.074944	0.000000
TRUCK_ELEC	0.000093	0.000003	15.000000	0.000000	0.000000	Infinity	0.000000	0.000000	1.000000	0.000108	0.092590	0.074944	0.000000
TRUCK_NG	0.085109	0.004285	15.000000	0.000000	0.000231	Infinity	0.000000	0.000005	1.000000	0.092589	0.092590	0.074944	0.000000
HABER_BOSCH	0.000637	0.000012	20.000000	0.000000	0.000001	Infinity	0.000000	1.000000	1.000000	0.000561	1.000000	0.058246	0.000000
OIL_TO_HVC	1925.564262	10.237141	20.000000	0.000000	4.756124	Infinity	0.000000	0.999999	1.000000	1.000000	1.000000	0.058246	0.000000
GAS_TO_HVC	0.000685	0.000017	20.000000	0.000000	0.000001	Infinity	0.000000	0.000000	1.000000	0.000397	1.000000	0.058246	0.000000
METHANOL_TO_HVC	0.003087	0.000278	20.000000	0.000000	0.000004	Infinity	0.000000	0.000001	1.000000	0.039449	1.000000	0.058246	0.000000
ADLIBIO_TO_HVC	0.000650	0.000010	20.000000	0.000000	0.000001	Infinity	0.000000	0.000000	1.000000	0.000139	1.000000	0.058246	0.000621
SYN_METHANOLATION	0.000784	0.000022	20.000000	0.000000	0.000000	Infinity	0.000000	0.000001	1.000000	0.000946	0.950000	0.058246	0.000000
METHANE_TO_METHANOL	228.307568	9.983058	25.000000	0.000000	0.208302	Infinity	0.000000	0.999999	1.000000	0.850000	0.850000	0.048263	0.000000
BIOMASS_TO_METHANOL	0.000881	0.000013	20.000000	0.000000	0.000000	Infinity	0.000000	0.000000	1.000000	0.000869	1.000000	0.058246	0.000000
DAM_STORAGE	0.000000	0.000000	1.000000	0.000000	8970.000000	8970.000000	0.000000	-1.000000	1.000000	0.000303	1.000000	1.015000	
PHS	294.000002	0.000000	50.000000	5.000000	5.000000	6.500000	0.000000	-1.000000	1.000000	0.000000	1.000000	0.028572	
BATT_LI	0.002598	0.000004	15.000000	0.000000	0.000007	Infinity	0.000000	-1.000000	1.000000	0.000110	1.000000	0.074944	
BEV_BATT	0.000000	0.000000	1.000000	0.000000	333.279988	Infinity	0.000000	-1.000000	1.000000	0.003764	1.000000	1.015000	
PHEV_BATT	0.000000	0.000000	1.000000	0.000000	0.000014	Infinity	0.000000	-1.000000	1.000000	0.001018	1.000000	1.015000	
TS_DEC_DIRECT_ELEC	0.003436	0.000024	20.000000	0.000000	0.000181	Infinity	0.000000	-1.000000	1.000000	0.000405	1.000000	0.058246	
TS_DEC_HP_ELEC	473.129943	3.312226	20.000000	0.000000	24.940956	Infinity	0.000000	-1.000000	1.000000	0.041403	1.000000	0.058246	
TS_DEC_THHP_GAS	0.003460	0.000024	20.000000	0.000000	0.000182	Infinity	0.000000	-1.000000	1.000000	0.003221	1.000000	0.058246	
TS_DEC_COGEN_GAS	0.003439	0.000024	20.000000	0.000000	0.000181	Infinity	0.000000	-1.000000	1.000000	0.000481	1.000000	0.058246	
TS_DEC_COGEN_OIL	0.003434	0.000024	20.000000	0.000000	0.000181	Infinity	0.000000	-1.000000	1.000000	0.000379	1.000000	0.058246	
TS_DEC_ADVCOGEN_GAS	0.003431	0.000024	20.000000	0.000000	0.000181	Infinity	0.000000	-1.000000	1.000000	0.000426	1.000000	0.058246	
TS_DEC_ADVCOGEN_H2	0.003419	0.000024	20.000000	0.000000	0.000180	Infinity	0.000000	-1.000000	1.000000	0.000215	1.000000	0.058246	
TS_DEC_BOILER_GAS	0.003436	0.000024	20.000000	0.000000	0.000181	Infinity	0.000000	-1.000000	1.000000	0.000464	1.000000	0.058246	
TS_DEC_BOILER_WOOD	0.003433	0.000024	20.000000	0.000000	0.000181	Infinity	0.000000	-1.000000	1.000000	0.000406	1.000000	0.058246	
TS_DEC_BOILER_OIL	0.003434	0.000024	20.000000	0.000000	0.000181	Infinity	0.000000	-1.000000	1.000000	0.000404	1.000000	0.058246	
TS_DHN_DAILY	0.006491	0.000019	40.000000	0.000000	0.002164	Infinity	0.000000	-1.000000	1.000000	0.000717	1.000000	0.033427	
TS_DHN_SEASONAL	210.940714	1.150586	25.000000	0.000000	383.528571	Infinity	0.000000	-1.000000	1.000000	0.002200	1.000000	0.048263	
TS_HIGH_TEMP	0.004859	0.000052	25.000000	0.000000	0.000173	Infinity	0.000000	-1.000000	1.000000	0.033207	1.000000	0.048263	
GAS_STORAGE	0.001535	0.000040	50.000000	0.000000	0.030699	Infinity	0.000000	-1.000000	1.000000	0.000031	1.000000	0.028572	
H2_STORAGE	0.020642	0.001301	20.000000	0.000000	0.003335	Infinity	0.000000	-1.000000	1.000000	0.000013	1.000000	0.058246	
DIESEL_STORAGE	0.021043	0.000835	20.000000	0.000000	2.104311	Infinity	0.000000	-1.000000	1.000000	0.000000	1.000000	0.058246	
GASOLINE_STORAGE	0.020862	0.000828	20.000000	0.000000	2.086234	Infinity	0.000000	-1.000000	1.000000	0.000000	1.000000	0.058246	
LFO_STORAGE	0.021752	0.000864	20.000000	0.000000	2.175218	Infinity	0.000000	-1.000000	1.000000	0.000030	1.000000	0.058246	
AMMONIA_STORAGE	0.000057	0.000002	20.000000	0.000000	0.005692	Infinity	0.000000	-1.000000	1.000000	0.000022	1.000000	0.058246	
METHANOL_STORAGE	0.000003	0.000000	20.000000	0.000000	0.000265	Infinity	0.000000	-1.000000	1.000000	0.000065	1.000000	0.058246	
CO2_STORAGE	0.056451	0.000565	30.000000	0.000000	0.001140	Infinity	0.000000	-1.000000	1.000000	0.000002	1.000000	0.041639	
PT_STORAGE	0.000000	0.000000	25.000000	0.000000	0.000000	0.000000	0.000000	-1.000000	1.000000	0.000000	1.000000	0.048263	
ST_STORAGE	0.000000	0.000000	25.000000	0.000000	0.000000	0.000000	0.000000	-1.000000	1.000000	0.000000	1.000000	0.048263	
TS_COLD	0.030390	0.000365	20.000000	0.000000	0.001216	Infinity	0.000000	-1.000000	1.000000	0.003168	1.000000	0.058246	
CAES	0.000000	0.000000	50.000000	0.000000	0.000000	0.000000	0.000000	-1.000000	1.000000	0.000000	1.000000	0.028572	
ADLIBIO_TO_FUEL	0.000716	0.000011	20.000000	0.000000	0.000001	Infinity	0.000000	-1.000000	1.000000	0.000150	1.000000	0.058246	
AMMONIA_TO_H2	0.000485	0.000045	25.000000	0.000000	0.000001	Infinity	0.000000	-1.000000	1.000000	0.001033	0.860000	0.048263	
ATM_CCS	0.000918	0.000023	40.000000	0.000000	0.000000	Infinity	0.000000	-1.000000	1.000000	0.000185	1.000000	0.033427	
BIO_HYDROLYSIS	0.022290	0.001520	15.000000	0.000000	0.000014	Infinity	0.000000	-1.000000	1.000000	0.116055	0.850000	0.074944	
BIOMETHANATION	1577.891024	21.857474	20.000000	0.000000	1.561248	Infinity	0.000000	-1.000000	1.000000	0.850000	0.850000	0.058246	
DHN	6897.549340	0.000000	60.000000	0.000000	8.351757	Infinity	0.000000	-1.000000	1.000000	0.000000	1.000000	0.025393	
EFFICIENCY	5517.241379	0.000000	1.000000	0.000000	0.985222	Infinity	0.000000	-1.000000	1.000000	0.000000	1.000000	1.015000	
GASIFICATION_SNG	0.000558	0.000039	25.000000	0.000000	0.000000	Infinity	0.000000	-1.000000	1.000000	0.000588	0.850000	0.048263	
GRID	102568.423183	0.000000	80.000000	0.000000	1.369056	Infinity	0.000000	-1.000000	1.000000	0.000000	1.000000	0.021548	
H2_BIOMASS	3710.491489	261.400627	25.000000	0.000000	1.335709	Infinity	0.000000	-1.000000	1.000000	0.860000	0.860000	0.048263	
H2_ELECTROLYSIS	0.000729	0.000020	15.000000	0.000000	0.000001	Infinity	0.000000	-1.000000	1.000000	0.001848	0.900000	0.074944	
INDUSTRY_CCS	0.001129	0.000028	40.000000	0.000000	0.000000	Infinity	0.000000	-1.000000	1.000000	0.000186	1.000000	0.033427	
REDIFUEL	0.000732	0.000019	20.000000	0.000000	0.000000	Infinity	0.000000	-1.000000	1.000000	0.000142	1.000000	0.058246	
SMR	720.617803	66.498985	25.000000	0.000000	1.032034	Infinity	0.000000	-1.000000	1.000000	0.859999	0.860000	0.048263	
SYN_METHANATION	0.000222	0.000057	40.000000	0.000000	0.000001	Infinity	0.000000	-1.000000	1.000000	0.000600	1.000000	0.033427	
PT_COLLECTOR	0.000000	0.000000	25.000000	0.000000	0.000000	0.000000	0.000000	-1.000000	1.000000	0.000000	1.000000	0.048263	
ST_COLLECTOR	0.000000	0.000000	25.000000	0.000000	0.000000	0.000000	0.000000	-1.000000	1.000000	0.000000	1.000000	0.048263	