Name	Crit_1_tech	Crit_1_res	Crit_1_op
PT_POWER_BLOCK	0.000000	0.000000	0.000000
ST_POWER_BLOCK	0.000000	0.000000	0.000000
HYDRO_DAM	0.000000	0.000000	0.000000
TIDAL	0.000000	0.000000	0.000000
WAVE	0.000000	0.000000	0.000000
NUCLEAR	0.000000	0.000000	0.000000
CCGT	0.000000	0.000000	0.000000
CCGT_AMMONIA	0.000000	0.000000	0.000000
COAL_US	0.000000	0.000000	0.000000
COAL_IGCC	0.000000	0.000000	0.000000
PV	11.894159	0.000000	0.000000
WIND_ONSHORE	1.005420	0.000000	0.012227
WIND_OFFSHORE	0.922150	0.000000	0.017965
HYDRO_RIVER	0.017545	0.000000	0.000053
GEOTHERMAL	0.000000	0.000000	0.000000
IND_COGEN_GAS	0.751680	0.000000	15.768494
IND_COGEN_WOOD	0.000000	0.000000	0.000001
IND_COGEN_WASTE	0.000000	0.000000	0.000000
IND_BOILER_GAS	0.000326	0.000000	0.068328
IND_BOILER_WOOD	0.000000	0.000000	0.000001
IND_BOILER_OIL	0.000000	0.000000	0.000001
IND_BOILER_COAL	0.010097	0.000000	5.783251
IND_BOILER_WASTE	0.064420	0.000000	1.031785
IND_DIRECT_ELEC	0.000000	0.000000	0.000000
DHN_HP_ELEC	0.438757	0.000000	0.020468
DHN_COGEN_GAS	0.000000	0.000000	0.000001
DHN_COGEN_WOOD	0.000000	0.000000	0.000000
DHN_COGEN_WASTE	0.000000	0.000000	0.000000
DHN_COGEN_WET_BIOMASS	0.000000	0.000000	0.000000
DHN_COGEN_BIO_HYDROLYSIS	0.000000	0.000000	0.000000
DHN_BOILER_GAS	0.000000	0.000000	0.000000
DHN_BOILER_WOOD	0.000000	0.000000	0.000000
DHN_BOILER_OIL	0.000000	0.000000	0.000000
DHN_DEEP_GEO	0.000000	0.000000	0.000000
DHN_SOLAR	0.000001	0.000000	0.000000
DEC_HP_ELEC	1.459759	0.000000	0.044320
DEC_THHP_GAS	0.000003	0.000000	0.000001
DEC_COGEN_GAS	0.000000	0.000000	0.000001
DEC_COGEN_OIL	0.000000	0.000000	0.000003
DEC_ADVCOGEN_GAS	0.000000	0.000000	0.000000
DEC_ADVCOGEN_H2	0.000000	0.000000	0.000000
DEC_BOILER_GAS	0.000000	0.000000	0.000000
DEC_BOILER_WOOD	0.000000	0.000000	0.000000
DEC_BOILER_OIL	0.000000	0.000000	0.000000
DEC_SOLAR	0.000012	0.000000	0.000000
DEC_DIRECT_ELEC	0.000000	0.000000	0.000000
DEC_THHP_GAS_COLD	0.000000	0.000000	0.000000
DEC_ELEC_COLD	0.000000	0.000000	0.000000
TRAMWAY_TROLLEY	0.000000	0.000000	0.000000
BUS_COACH_DIESEL	0.000000	0.000000	0.000000
BUS_COACH_HYDIESEL	0.000000	0.000000	0.000000
BUS_COACH_CNG_STOICH	0.000000	0.000000	0.000000
BUS_COACH_FC_HYBRIDH2	0.000000	0.000000	0.000000
BUS_COACH_ELECTRIC	0.000000	0.000000	0.000000
TRAIN_PUB	0.000000	0.000000	0.000000
IND_ELEC_COLD	0.000000	0.000000	0.000000
CAR_GASOLINE	0.000000	0.000000	0.000000
CAR_DIESEL	0.000000	0.000000	0.000000
CAR_NG	0.000000	0.000000	0.000000
CAR_METHANOL	0.000000	0.000000	0.000000
CAR_HEV	0.000000	0.000000	0.000000
CAR_PHEV	0.000013	0.000000	0.000001
CAR_BEV	88.476636	0.000000	4.041288
CAR_FUEL_CELL	0.000000	0.000000	0.000000
TRAIN_FREIGHT	0.200259	0.000000	0.597138
BOAT_FREIGHT_DIESEL	0.000000	0.000000	0.000004
BOAT_FREIGHT_NG	0.157749	0.000000	0.683527
BOAT_FREIGHT_METHANOL	0.000000	0.000000	0.000000
TRUCK_DIESEL	0.000001	0.000000	0.000002
TRUCK_METHANOL	0.000000	0.000000	0.000000
TRUCK_FUEL_CELL	24.255212	0.000000	0.172383
TRUCK_ELEC	0.000000	0.000000	0.000000
TRUCK_NG	0.000026	0.000000	0.000024
HABER_BOSCH	0.000001	0.000000	0.000000
OIL_TO_HVC	3.888002	0.000000	0.000000
GAS_TO_HVC	0.000001	0.000000	0.000000
METHANOL_TO_HVC	0.000004	0.000000	0.000000
ADLIBIO_TO_HVC	0.000001	0.000000	0.000000
SYN_METHANOLATION	0.000001	0.000000	0.000000
METHANE_TO_METHANOL	0.004196	0.000000	0.045748
BIOMASS_TO_METHANOL	0.000001	0.000000	0.000000
DAM_STORAGE	0.000000	0.000000	0.000000
PHS	2.710150	0.000000	0.000000
BATT_LI	0.000001	0.000000	0.000000
BEV_BATT	0.000000	0.000000	0.000000
PHEV_BATT	0.000020	0.000000	0.000000
TS_DEC_DIRECT_ELEC	0.000000	0.000000	0.000000
TS_DEC_HP_ELEC	0.048502	0.000000	0.000000
TS_DEC_THHP_GAS	0.000000	0.000000	0.000000
TS_DEC_COGEN_GAS	0.000000	0.000000	0.000000
TS_DEC_COGEN_OIL	0.000000	0.000000	0.000000
TS_DEC_ADVCOGEN_GAS	0.000000	0.000000	0.000000
TS_DEC_ADVCOGEN_H2	0.000000	0.000000	0.000000
TS_DEC_BOILER_GAS	0.000000	0.000000	0.000000
TS_DEC_BOILER_WOOD	0.000000	0.000000	0.000000
TS_DEC_BOILER_OIL	0.000000	0.000000	0.000000
TS_DHN_DAILY	0.000002	0.000000	0.000000
TS_DHN_SEASONAL	0.596669	0.000000	0.000000
TS_HIGH_TEMP	0.000000	0.000000	0.000000
GAS_STORAGE	0.000131	0.000000	0.000000
H2_STORAGE	0.000014	0.000000	0.000000
DIESEL_STORAGE	0.000057	0.000000	0.000000
GASOLINE_STORAGE	0.000059	0.000000	0.000000
LFO_STORAGE	0.000048	0.000000	0.000000
AMMONIA_STORAGE	0.000152	0.000000	0.000000
METHANOL_STORAGE	0.000518	0.000000	0.000000
CO2_STORAGE	0.000004	0.000000	0.000000
PT_STORAGE	0.000000	0.000000	0.000000
ST_STORAGE	0.000000	0.000000	0.000000
TS_COLD	0.000000	0.000000	0.000000
CAES	0.000000	0.000000	0.000000
ADLIBIO_TO_FUEL	0.000001	0.000000	0.000000
AMMONIA_TO_H2	0.000000	0.000000	0.000000
ATM_CCS	0.000000	0.000000	0.000000
BIO_HYDROLYSIS	0.000001	0.000000	0.000034
BIOMETHANATION	0.911342	0.000000	1.071416
DHN	0.000000	0.000000	0.000000
EFFICIENCY	0.000000	0.000000	0.000000
GASIFICATION_SNG	0.000000	0.000000	0.000000
GRID	1.837742	0.000000	0.000000
H2_BIOMASS	0.044335	0.000000	0.034211
H2_ELECTROLYSIS	0.000000	0.000000	0.000000
INDUSTRY_CCS	0.000000	0.000000	0.000000
REDIFUEL	0.000000	0.000000	0.000000
SMR	0.000000	0.000000	0.233425
SYN_METHANATION	0.000000	0.000000	0.000000
PT_COLLECTOR	0.000000	0.000000	0.000000
ST_COLLECTOR	0.000000	0.000000	0.000000
AMMONIA	0.000000	0.000075	0.000000
AMMONIA_RE_BE	0.000000	0.000000	0.000000
AMMONIA_RE_IMPORT	0.000000	22666.588292	0.000000
BIODIESEL	0.000000	0.000699	0.000000
BIODIESEL_BE	0.000000	0.000000	0.000000
BIOETHANOL	0.000000	0.000248	0.000000
CO2_ATM	0.000000	0.000000	0.000000
CO2_CAPTURED	0.000000	0.000000	0.000000
CO2_EMISSIONS	0.000000	0.000000	0.000000
CO2_INDUSTRY	0.000000	0.000000	0.000000
COAL	0.000000	241.970931	0.000000
DIESEL	0.000000	0.000656	0.000000
ELEC_EXPORT	0.000000	0.000000	0.000000
ELECTRICITY	0.000000	3283.591331	0.000000
GAS	0.000000	6343.238249	0.000000
GAS_RE_BE	0.000000	0.000000	0.000000
GAS_RE_IMPORT	0.000000	0.001181	0.000000
GASOLINE	0.000000	0.000314	0.000000
H2	0.000000	0.000002	0.000000
H2_RE_BE	0.000000	0.000000	0.000000
H2_RE_IMPORT	0.000000	0.011491	0.000000
LFO	0.000000	15453.403955	0.000000
LFO_RE_BE	0.000000	0.000000	0.000000
METHANOL	0.000000	0.000269	0.000000
METHANOL_RE_BE	0.000000	0.000000	0.000000
METHANOL_RE_IMPORT	0.000000	0.115787	0.000000
RES_GEO	0.000000	0.000000	0.000000
RES_HYDRO	0.000000	0.000000	0.000000
RES_SOLAR	0.000000	0.000000	0.000000
RES_WIND	0.000000	0.000000	0.000000
URANIUM	0.000000	0.000000	0.000000
WASTE	0.000000	1027.058603	0.000000
WET_BIOMASS	0.000000	2174.509999	0.000000
WOOD	0.000000	1148.940000	0.000000
WOOD_PRODUCTION	0.000000	0.000000	0.000000
PT_HEAT	0.000000	0.000000	0.000000
ST_HEAT	0.000000	0.000000	0.000000
