Name	LCA_tech	LCA_res	LCA_op
NUCLEAR	0.000000	0.000000	0.000000
CCGT	0.000009	0.000000	0.002307
CCGT_AMMONIA	0.000000	0.000000	0.000000
COAL_US	0.000000	0.000000	0.000000
COAL_IGCC	0.000000	0.000000	0.000000
PV	361.237283	0.000000	0.000000
WIND_ONSHORE	175.244601	0.000000	2.692501
WIND_OFFSHORE	145.224083	0.000000	3.894009
HYDRO_RIVER	3.740008	0.000000	0.011709
GEOTHERMAL	0.000000	0.000000	0.000000
IND_COGEN_GAS	80.688421	0.000000	14050.025193
IND_COGEN_WOOD	0.000001	0.000000	0.000188
IND_COGEN_WASTE	0.000002	0.000000	0.000122
IND_BOILER_GAS	4.342494	0.000000	1660.290924
IND_BOILER_WOOD	0.000005	0.000000	0.000302
IND_BOILER_OIL	0.000002	0.000000	0.000423
IND_BOILER_COAL	3.353446	0.000000	1533.370134
IND_BOILER_WASTE	17.846100	0.000000	4904.501238
IND_DIRECT_ELEC	0.000000	0.000000	0.000000
DHN_HP_ELEC	45.947640	0.000000	663.069907
DHN_COGEN_GAS	0.000025	0.000000	0.007909
DHN_COGEN_WOOD	0.000000	0.000000	0.000138
DHN_COGEN_WASTE	0.000001	0.000000	0.000126
DHN_COGEN_WET_BIOMASS	0.000045	0.000000	0.003560
DHN_COGEN_BIO_HYDROLYSIS	0.000000	0.000000	0.000322
DHN_BOILER_GAS	0.000001	0.000000	0.000098
DHN_BOILER_WOOD	0.000001	0.000000	0.000106
DHN_BOILER_OIL	0.000000	0.000000	0.000115
DHN_DEEP_GEO	0.000000	0.000000	0.000000
DHN_SOLAR	0.000017	0.000000	0.000000
DEC_HP_ELEC	47.664963	0.000000	427.756506
DEC_THHP_GAS	284.038125	0.000000	7435.698487
DEC_COGEN_GAS	0.000008	0.000000	0.000360
DEC_COGEN_OIL	0.000009	0.000000	0.000401
DEC_ADVCOGEN_GAS	0.000005	0.000000	0.000262
DEC_ADVCOGEN_H2	0.000003	0.000000	0.000001
DEC_BOILER_GAS	0.000006	0.000000	0.000177
DEC_BOILER_WOOD	0.000005	0.000000	0.000182
DEC_BOILER_OIL	0.000004	0.000000	0.000208
DEC_SOLAR	0.000092	0.000000	0.000000
DEC_DIRECT_ELEC	0.000001	0.000000	0.000000
TRAMWAY_TROLLEY	10.652809	0.000000	0.000000
BUS_COACH_DIESEL	0.000000	0.000000	0.000001
BUS_COACH_HYDIESEL	0.000000	0.000000	0.000001
BUS_COACH_CNG_STOICH	283.113715	0.000000	3931.466244
BUS_COACH_FC_HYBRIDH2	0.000000	0.000000	0.000000
BUS_COACH_ELECTRIC	0.000000	0.000000	0.000001
TRAIN_PUB	0.000000	0.000000	0.000000
CAR_GASOLINE	3132.626268	0.000000	10360.735953
CAR_DIESEL	0.000002	0.000000	0.000009
CAR_NG	0.000007	0.000000	0.000018
CAR_METHANOL	0.000006	0.000000	0.000022
CAR_HEV	0.000001	0.000000	0.000005
CAR_PHEV	0.000851	0.000000	0.000354
CAR_BEV	258.739650	0.000000	36.384633
CAR_FUEL_CELL	0.000002	0.000000	0.000001
TRAIN_FREIGHT	32.880816	0.000000	44.991704
BOAT_FREIGHT_DIESEL	0.000000	0.000000	0.000000
BOAT_FREIGHT_NG	0.000000	0.000000	0.000020
BOAT_FREIGHT_METHANOL	22.094773	0.000000	850.342408
TRUCK_DIESEL	387.461323	0.000000	4156.839883
TRUCK_METHANOL	113.882755	0.000000	1426.902123
TRUCK_FUEL_CELL	0.000022	0.000000	0.000000
TRUCK_ELEC	0.000000	0.000000	0.000000
TRUCK_NG	0.000001	0.000000	0.000014
HABER_BOSCH	178.590896	0.000000	12.901590
SYN_METHANOLATION	0.000005	0.000000	0.000001
METHANE_TO_METHANOL	0.000000	0.000000	0.000001
BIOMASS_TO_METHANOL	0.000005	0.000000	0.000147
OIL_TO_HVC	0.000021	0.000000	0.000097
GAS_TO_HVC	0.000014	0.000000	0.000043
METHANOL_TO_HVC	289.634544	0.000000	0.000000
ADLIBIO_TO_HVC	0.000011	0.000000	0.000064
PHS	665.945684	0.000000	0.000000
BATT_LI	0.000018	0.000000	0.000000
BEV_BATT	0.000000	0.000000	0.000000
PHEV_BATT	0.000648	0.000000	0.000000
TS_DEC_DIRECT_ELEC	0.000027	0.000000	0.000000
TS_DEC_HP_ELEC	4.565661	0.000000	0.000000
TS_DEC_THHP_GAS	8.074372	0.000000	0.000000
TS_DEC_COGEN_GAS	0.000027	0.000000	0.000000
TS_DEC_COGEN_OIL	0.000026	0.000000	0.000000
TS_DEC_ADVCOGEN_GAS	0.000027	0.000000	0.000000
TS_DEC_ADVCOGEN_H2	0.000027	0.000000	0.000000
TS_DEC_BOILER_GAS	0.000027	0.000000	0.000000
TS_DEC_BOILER_WOOD	0.000023	0.000000	0.000000
TS_DEC_BOILER_OIL	0.000026	0.000000	0.000000
TS_DHN_DAILY	0.000262	0.000000	0.000000
TS_DHN_SEASONAL	357.621803	0.000000	0.000000
TS_HIGH_TEMP	0.481445	0.000000	0.000000
GAS_STORAGE	0.039835	0.000000	0.000000
H2_STORAGE	1.013532	0.000000	0.000000
DIESEL_STORAGE	0.001412	0.000000	0.000000
GASOLINE_STORAGE	0.582194	0.000000	0.000000
LFO_STORAGE	0.001445	0.000000	0.000000
AMMONIA_STORAGE	0.019994	0.000000	0.000000
METHANOL_STORAGE	0.025277	0.000000	0.000000
CO2_STORAGE	0.000358	0.000000	0.000000
ADLIBIO_TO_FUEL	117.949655	0.000000	473.732682
AMMONIA_TO_H2	0.000002	0.000000	0.000000
ATM_CCS	0.000001	0.000000	-0.000098
BIO_HYDROLYSIS	15.664741	0.000000	10141.715033
BIOMETHANATION	0.000014	0.000000	0.000624
DHN	0.000000	0.000000	0.000000
EFFICIENCY	0.000000	0.000000	0.000000
GASIFICATION_SNG	0.000000	0.000000	0.000105
GRID	25.889854	0.000000	0.000000
H2_BIOMASS	0.000000	0.000000	0.000000
H2_ELECTROLYSIS	0.000001	0.000000	0.000000
INDUSTRY_CCS	0.000000	0.000000	0.000016
REDIFUEL	0.000001	0.000000	0.000086
SMR	0.000000	0.000000	5381.675633
SYN_METHANATION	0.000000	0.000000	0.000000
AMMONIA	0.000000	-0.002068	0.000000
AMMONIA_RE_BE	0.000000	0.000000	0.000000
AMMONIA_RE_IMPORT	0.000000	1.811334	0.000000
BIODIESEL	0.000000	-0.000053	0.000000
BIODIESEL_BE	0.000000	0.000000	0.000000
BIOETHANOL	0.000000	-0.000035	0.000000
CO2_ATM	0.000000	0.000000	0.000000
CO2_CAPTURED	0.000000	0.000000	0.000000
CO2_EMISSIONS	0.000000	0.000000	0.000000
CO2_INDUSTRY	0.000000	0.000000	0.000000
COAL	0.000000	198.289563	0.000000
DIESEL	0.000000	562.905851	0.000000
ELEC_EXPORT	0.000000	0.000000	0.000000
ELECTRICITY	0.000000	5002.390070	0.000000
GAS	0.000000	8992.382055	0.000000
GAS_RE_BE	0.000000	0.000000	0.000000
GAS_RE_IMPORT	0.000000	-0.000000	0.000000
GASOLINE	0.000000	1086.590175	0.000000
H2	0.000000	0.000009	0.000000
H2_RE_BE	0.000000	0.000000	0.000000
H2_RE_IMPORT	0.000000	0.000000	0.000000
LFO	0.000000	0.000097	0.000000
LFO_RE_BE	0.000000	0.000000	0.000000
METHANOL	0.000000	5153.131977	0.000000
METHANOL_RE_BE	0.000000	0.000000	0.000000
METHANOL_RE_IMPORT	0.000000	-0.000006	0.000000
RES_GEO	0.000000	0.000000	0.000000
RES_HYDRO	0.000000	0.000000	0.000000
RES_SOLAR	0.000000	0.000000	0.000000
RES_WIND	0.000000	0.000000	0.000000
URANIUM	0.000000	0.000000	0.000000
WASTE	0.000000	0.000000	0.000000
WET_BIOMASS	0.000000	-16108.103490	0.000000
WOOD	0.000000	-7465.296209	0.000000
WOOD_PRODUCTION	0.000000	-0.000934	0.000000
