Tech	AMMONIA	CO2_ATM	CO2_CAPTURED	CO2_INDUSTRY	COAL	DIESEL	ELECTRICITY	GAS	GASOLINE	H2	LFO	METHANOL	RES_GEO	RES_HYDRO	RES_SOLAR	RES_WIND	URANIUM	WASTE	WET_BIOMASS	WOOD	HEAT_HIGH_T	HEAT_LOW_T_DHN	HEAT_LOW_T_DECEN	MOB_PUBLIC	MOB_PRIVATE	MOB_FREIGHT_RAIL	MOB_FREIGHT_BOAT	MOB_FREIGHT_ROAD	HVC	
 AMMONIA 	 0.000054	 0.000000	 0.000000	 0.000000	 0.000000	 0.000000	 0.000000	 0.000000	 0.000000	 0.000000	 0.000000	 0.000000	 0.000000	 0.000000	 0.000000	 0.000000	 0.000000	 0.000000	 0.000000	 0.000000	 0.000000	 0.000000	 0.000000	 0.000000	 0.000000	 0.000000	 0.000000	 0.000000	 0.000000	
 AMMONIA_RE_BE 	 10562.323216	 0.000000	 0.000000	 0.000000	 0.000000	 0.000000	 0.000000	 0.000000	 0.000000	 0.000000	 0.000000	 0.000000	 0.000000	 0.000000	 0.000000	 0.000000	 0.000000	 0.000000	 0.000000	 0.000000	 0.000000	 0.000000	 0.000000	 0.000000	 0.000000	 0.000000	 0.000000	 0.000000	 0.000000	
 AMMONIA_RE_IMPORT 	 0.000062	 0.000000	 0.000000	 0.000000	 0.000000	 0.000000	 0.000000	 0.000000	 0.000000	 0.000000	 0.000000	 0.000000	 0.000000	 0.000000	 0.000000	 0.000000	 0.000000	 0.000000	 0.000000	 0.000000	 0.000000	 0.000000	 0.000000	 0.000000	 0.000000	 0.000000	 0.000000	 0.000000	 0.000000	
 BIODIESEL 	 0.000000	 0.000000	 0.000000	 0.000000	 0.000000	 0.000005	 0.000000	 0.000000	 0.000000	 0.000000	 0.000000	 0.000000	 0.000000	 0.000000	 0.000000	 0.000000	 0.000000	 0.000000	 0.000000	 0.000000	 0.000000	 0.000000	 0.000000	 0.000000	 0.000000	 0.000000	 0.000000	 0.000000	 0.000000	
 BIODIESEL_BE 	 0.000000	 0.000000	 0.000000	 0.000000	 0.000000	 2735.316736	 0.000000	 0.000000	 0.000000	 0.000000	 0.000000	 0.000000	 0.000000	 0.000000	 0.000000	 0.000000	 0.000000	 0.000000	 0.000000	 0.000000	 0.000000	 0.000000	 0.000000	 0.000000	 0.000000	 0.000000	 0.000000	 0.000000	 0.000000	
 BIOETHANOL 	 0.000000	 0.000000	 0.000000	 0.000000	 0.000000	 0.000000	 0.000000	 0.000000	 0.000006	 0.000000	 0.000000	 0.000000	 0.000000	 0.000000	 0.000000	 0.000000	 0.000000	 0.000000	 0.000000	 0.000000	 0.000000	 0.000000	 0.000000	 0.000000	 0.000000	 0.000000	 0.000000	 0.000000	 0.000000	
 CO2_ATM 	 0.000000	 7415.743739	 0.000000	 0.000000	 0.000000	 0.000000	 0.000000	 0.000000	 0.000000	 0.000000	 0.000000	 0.000000	 0.000000	 0.000000	 0.000000	 0.000000	 0.000000	 0.000000	 0.000000	 0.000000	 0.000000	 0.000000	 0.000000	 0.000000	 0.000000	 0.000000	 0.000000	 0.000000	 0.000000	
 CO2_CAPTURED 	 0.000000	 0.000000	 0.000000	 0.000000	 0.000000	 0.000000	 0.000000	 0.000000	 0.000000	 0.000000	 0.000000	 0.000000	 0.000000	 0.000000	 0.000000	 0.000000	 0.000000	 0.000000	 0.000000	 0.000000	 0.000000	 0.000000	 0.000000	 0.000000	 0.000000	 0.000000	 0.000000	 0.000000	 0.000000	
 CO2_EMISSIONS 	 0.000000	 0.000000	 0.000000	 -13985.347498	 0.000000	 0.000000	 0.000000	 0.000000	 0.000000	 0.000000	 0.000000	 0.000000	 0.000000	 0.000000	 0.000000	 0.000000	 0.000000	 0.000000	 0.000000	 0.000000	 0.000000	 0.000000	 0.000000	 0.000000	 0.000000	 0.000000	 0.000000	 0.000000	 0.000000	
 CO2_INDUSTRY 	 0.000000	 0.000000	 0.000000	 0.000000	 0.000000	 0.000000	 0.000000	 0.000000	 0.000000	 0.000000	 0.000000	 0.000000	 0.000000	 0.000000	 0.000000	 0.000000	 0.000000	 0.000000	 0.000000	 0.000000	 0.000000	 0.000000	 0.000000	 0.000000	 0.000000	 0.000000	 0.000000	 0.000000	 0.000000	
 COAL 	 0.000000	 0.000000	 0.000000	 0.000000	 0.000000	 0.000000	 0.000000	 0.000000	 0.000000	 0.000000	 0.000000	 0.000000	 0.000000	 0.000000	 0.000000	 0.000000	 0.000000	 0.000000	 0.000000	 0.000000	 0.000000	 0.000000	 0.000000	 0.000000	 0.000000	 0.000000	 0.000000	 0.000000	 0.000000	
 DIESEL 	 0.000000	 0.000000	 0.000000	 0.000000	 0.000000	 0.000299	 0.000000	 0.000000	 0.000000	 0.000000	 0.000000	 0.000000	 0.000000	 0.000000	 0.000000	 0.000000	 0.000000	 0.000000	 0.000000	 0.000000	 0.000000	 0.000000	 0.000000	 0.000000	 0.000000	 0.000000	 0.000000	 0.000000	 0.000000	
 ELEC_EXPORT 	 0.000000	 0.000000	 0.000000	 0.000000	 0.000000	 0.000000	 -26.653955	 0.000000	 0.000000	 0.000000	 0.000000	 0.000000	 0.000000	 0.000000	 0.000000	 0.000000	 0.000000	 0.000000	 0.000000	 0.000000	 0.000000	 0.000000	 0.000000	 0.000000	 0.000000	 0.000000	 0.000000	 0.000000	 0.000000	
 ELECTRICITY 	 0.000000	 0.000000	 0.000000	 0.000000	 0.000000	 0.000000	 15792.364180	 0.000000	 0.000000	 0.000000	 0.000000	 0.000000	 0.000000	 0.000000	 0.000000	 0.000000	 0.000000	 0.000000	 0.000000	 0.000000	 0.000000	 0.000000	 0.000000	 0.000000	 0.000000	 0.000000	 0.000000	 0.000000	 0.000000	
 GAS 	 0.000000	 0.000000	 0.000000	 0.000000	 0.000000	 0.000000	 0.000000	 14029.114579	 0.000000	 0.000000	 0.000000	 0.000000	 0.000000	 0.000000	 0.000000	 0.000000	 0.000000	 0.000000	 0.000000	 0.000000	 0.000000	 0.000000	 0.000000	 0.000000	 0.000000	 0.000000	 0.000000	 0.000000	 0.000000	
 GAS_RE_BE 	 0.000000	 0.000000	 0.000000	 0.000000	 0.000000	 0.000000	 0.000000	 0.000206	 0.000000	 0.000000	 0.000000	 0.000000	 0.000000	 0.000000	 0.000000	 0.000000	 0.000000	 0.000000	 0.000000	 0.000000	 0.000000	 0.000000	 0.000000	 0.000000	 0.000000	 0.000000	 0.000000	 0.000000	 0.000000	
 GAS_RE_IMPORT 	 0.000000	 0.000000	 0.000000	 0.000000	 0.000000	 0.000000	 0.000000	 0.000000	 0.000000	 0.000000	 0.000000	 0.000000	 0.000000	 0.000000	 0.000000	 0.000000	 0.000000	 0.000000	 0.000000	 0.000000	 0.000000	 0.000000	 0.000000	 0.000000	 0.000000	 0.000000	 0.000000	 0.000000	 0.000000	
 GASOLINE 	 0.000000	 0.000000	 0.000000	 0.000000	 0.000000	 0.000000	 0.000000	 0.000000	 0.000346	 0.000000	 0.000000	 0.000000	 0.000000	 0.000000	 0.000000	 0.000000	 0.000000	 0.000000	 0.000000	 0.000000	 0.000000	 0.000000	 0.000000	 0.000000	 0.000000	 0.000000	 0.000000	 0.000000	 0.000000	
 H2 	 0.000000	 0.000000	 0.000000	 0.000000	 0.000000	 0.000000	 0.000000	 0.000000	 0.000000	 0.000000	 0.000000	 0.000000	 0.000000	 0.000000	 0.000000	 0.000000	 0.000000	 0.000000	 0.000000	 0.000000	 0.000000	 0.000000	 0.000000	 0.000000	 0.000000	 0.000000	 0.000000	 0.000000	 0.000000	
 H2_RE_BE 	 0.000000	 0.000000	 0.000000	 0.000000	 0.000000	 0.000000	 0.000000	 0.000000	 0.000000	 166291.640094	 0.000000	 0.000000	 0.000000	 0.000000	 0.000000	 0.000000	 0.000000	 0.000000	 0.000000	 0.000000	 0.000000	 0.000000	 0.000000	 0.000000	 0.000000	 0.000000	 0.000000	 0.000000	 0.000000	
 H2_RE_IMPORT 	 0.000000	 0.000000	 0.000000	 0.000000	 0.000000	 0.000000	 0.000000	 0.000000	 0.000000	 0.000000	 0.000000	 0.000000	 0.000000	 0.000000	 0.000000	 0.000000	 0.000000	 0.000000	 0.000000	 0.000000	 0.000000	 0.000000	 0.000000	 0.000000	 0.000000	 0.000000	 0.000000	 0.000000	 0.000000	
 LFO 	 0.000000	 0.000000	 0.000000	 0.000000	 0.000000	 0.000000	 0.000000	 0.000000	 0.000000	 0.000000	 0.000726	 0.000000	 0.000000	 0.000000	 0.000000	 0.000000	 0.000000	 0.000000	 0.000000	 0.000000	 0.000000	 0.000000	 0.000000	 0.000000	 0.000000	 0.000000	 0.000000	 0.000000	 0.000000	
 LFO_RE_BE 	 0.000000	 0.000000	 0.000000	 0.000000	 0.000000	 0.000000	 0.000000	 0.000000	 0.000000	 0.000000	 0.001551	 0.000000	 0.000000	 0.000000	 0.000000	 0.000000	 0.000000	 0.000000	 0.000000	 0.000000	 0.000000	 0.000000	 0.000000	 0.000000	 0.000000	 0.000000	 0.000000	 0.000000	 0.000000	
 METHANOL 	 0.000000	 0.000000	 0.000000	 0.000000	 0.000000	 0.000000	 0.000000	 0.000000	 0.000000	 0.000000	 0.000000	 51267.018796	 0.000000	 0.000000	 0.000000	 0.000000	 0.000000	 0.000000	 0.000000	 0.000000	 0.000000	 0.000000	 0.000000	 0.000000	 0.000000	 0.000000	 0.000000	 0.000000	 0.000000	
 METHANOL_RE_BE 	 0.000000	 0.000000	 0.000000	 0.000000	 0.000000	 0.000000	 0.000000	 0.000000	 0.000000	 0.000000	 0.000000	 0.000500	 0.000000	 0.000000	 0.000000	 0.000000	 0.000000	 0.000000	 0.000000	 0.000000	 0.000000	 0.000000	 0.000000	 0.000000	 0.000000	 0.000000	 0.000000	 0.000000	 0.000000	
 METHANOL_RE_IMPORT 	 0.000000	 0.000000	 0.000000	 0.000000	 0.000000	 0.000000	 0.000000	 0.000000	 0.000000	 0.000000	 0.000000	 0.000109	 0.000000	 0.000000	 0.000000	 0.000000	 0.000000	 0.000000	 0.000000	 0.000000	 0.000000	 0.000000	 0.000000	 0.000000	 0.000000	 0.000000	 0.000000	 0.000000	 0.000000	
 RES_GEO 	 0.000000	 0.000000	 0.000000	 0.000000	 0.000000	 0.000000	 0.000000	 0.000000	 0.000000	 0.000000	 0.000000	 0.000000	 0.000000	 0.000000	 0.000000	 0.000000	 0.000000	 0.000000	 0.000000	 0.000000	 0.000000	 0.000000	 0.000000	 0.000000	 0.000000	 0.000000	 0.000000	 0.000000	 0.000000	
 RES_HYDRO 	 0.000000	 0.000000	 0.000000	 0.000000	 0.000000	 0.000000	 0.000000	 0.000000	 0.000000	 0.000000	 0.000000	 0.000000	 0.000000	 487.581235	 0.000000	 0.000000	 0.000000	 0.000000	 0.000000	 0.000000	 0.000000	 0.000000	 0.000000	 0.000000	 0.000000	 0.000000	 0.000000	 0.000000	 0.000000	
 RES_SOLAR 	 0.000000	 0.000000	 0.000000	 0.000000	 0.000000	 0.000000	 0.000000	 0.000000	 0.000000	 0.000000	 0.000000	 0.000000	 0.000000	 0.000000	 61507.946102	 0.000000	 0.000000	 0.000000	 0.000000	 0.000000	 0.000000	 0.000000	 0.000000	 0.000000	 0.000000	 0.000000	 0.000000	 0.000000	 0.000000	
 RES_WIND 	 0.000000	 0.000000	 0.000000	 0.000000	 0.000000	 0.000000	 0.000000	 0.000000	 0.000000	 0.000000	 0.000000	 0.000000	 0.000000	 0.000000	 0.000000	 41375.092290	 0.000000	 0.000000	 0.000000	 0.000000	 0.000000	 0.000000	 0.000000	 0.000000	 0.000000	 0.000000	 0.000000	 0.000000	 0.000000	
 URANIUM 	 0.000000	 0.000000	 0.000000	 0.000000	 0.000000	 0.000000	 0.000000	 0.000000	 0.000000	 0.000000	 0.000000	 0.000000	 0.000000	 0.000000	 0.000000	 0.000000	 0.000000	 0.000000	 0.000000	 0.000000	 0.000000	 0.000000	 0.000000	 0.000000	 0.000000	 0.000000	 0.000000	 0.000000	 0.000000	
 WASTE 	 0.000000	 0.000000	 0.000000	 0.000000	 0.000000	 0.000000	 0.000000	 0.000000	 0.000000	 0.000000	 0.000000	 0.000000	 0.000000	 0.000000	 0.000000	 0.000000	 0.000000	 17799.999748	 0.000000	 0.000000	 0.000000	 0.000000	 0.000000	 0.000000	 0.000000	 0.000000	 0.000000	 0.000000	 0.000000	
 WET_BIOMASS 	 0.000000	 0.000000	 0.000000	 0.000000	 0.000000	 0.000000	 0.000000	 0.000000	 0.000000	 0.000000	 0.000000	 0.000000	 0.000000	 0.000000	 0.000000	 0.000000	 0.000000	 0.000000	 0.000277	 0.000000	 0.000000	 0.000000	 0.000000	 0.000000	 0.000000	 0.000000	 0.000000	 0.000000	 0.000000	
 WOOD 	 0.000000	 0.000000	 0.000000	 0.000000	 0.000000	 0.000000	 0.000000	 0.000000	 0.000000	 0.000000	 0.000000	 0.000000	 0.000000	 0.000000	 0.000000	 0.000000	 0.000000	 0.000000	 0.000000	 0.000410	 0.000000	 0.000000	 0.000000	 0.000000	 0.000000	 0.000000	 0.000000	 0.000000	 0.000000	
 WOOD_PRODUCTION 	 0.000000	 0.000000	 0.000000	 0.000000	 0.000000	 0.000000	 0.000000	 0.000000	 0.000000	 0.000000	 0.000000	 0.000000	 0.000000	 0.000000	 0.000000	 0.000000	 0.000000	 0.000000	 0.000000	 0.000039	 0.000000	 0.000000	 0.000000	 0.000000	 0.000000	 0.000000	 0.000000	 0.000000	 0.000000	
 NUCLEAR 	 0.000000	 0.000000	 0.000000	 0.000000	 0.000000	 0.000000	 0.000000	 0.000000	 0.000000	 0.000000	 0.000000	 0.000000	 0.000000	 0.000000	 0.000000	 0.000000	 0.000000	 0.000000	 0.000000	 0.000000	 0.000000	 0.000000	 0.000000	 0.000000	 0.000000	 0.000000	 0.000000	 0.000000	 0.000000	
 CCGT 	 0.000000	 0.000000	 0.000000	 0.000019	 0.000000	 0.000000	 0.000060	 -0.000092	 0.000000	 0.000000	 0.000000	 0.000000	 0.000000	 0.000000	 0.000000	 0.000000	 0.000000	 0.000000	 0.000000	 0.000000	 0.000000	 0.000000	 0.000000	 0.000000	 0.000000	 0.000000	 0.000000	 0.000000	 0.000000	
 CCGT_AMMONIA 	 -0.000268	 0.000000	 0.000000	 0.000000	 0.000000	 0.000000	 0.000137	 0.000000	 0.000000	 0.000000	 0.000000	 0.000000	 0.000000	 0.000000	 0.000000	 0.000000	 0.000000	 0.000000	 0.000000	 0.000000	 0.000000	 0.000000	 0.000000	 0.000000	 0.000000	 0.000000	 0.000000	 0.000000	 0.000000	
 COAL_US 	 0.000000	 0.000000	 0.000000	 0.000000	 0.000000	 0.000000	 0.000000	 0.000000	 0.000000	 0.000000	 0.000000	 0.000000	 0.000000	 0.000000	 0.000000	 0.000000	 0.000000	 0.000000	 0.000000	 0.000000	 0.000000	 0.000000	 0.000000	 0.000000	 0.000000	 0.000000	 0.000000	 0.000000	 0.000000	
 COAL_IGCC 	 0.000000	 0.000000	 0.000000	 0.000000	 0.000000	 0.000000	 0.000000	 0.000000	 0.000000	 0.000000	 0.000000	 0.000000	 0.000000	 0.000000	 0.000000	 0.000000	 0.000000	 0.000000	 0.000000	 0.000000	 0.000000	 0.000000	 0.000000	 0.000000	 0.000000	 0.000000	 0.000000	 0.000000	 0.000000	
 PV 	 0.000000	 0.000000	 0.000000	 0.000000	 0.000000	 0.000000	 61507.945975	 0.000000	 0.000000	 0.000000	 0.000000	 0.000000	 0.000000	 0.000000	 -61507.945975	 0.000000	 0.000000	 0.000000	 0.000000	 0.000000	 0.000000	 0.000000	 0.000000	 0.000000	 0.000000	 0.000000	 0.000000	 0.000000	 0.000000	
 WIND_ONSHORE 	 0.000000	 0.000000	 0.000000	 0.000000	 0.000000	 0.000000	 20932.089874	 0.000000	 0.000000	 0.000000	 0.000000	 0.000000	 0.000000	 0.000000	 0.000000	 -20932.089874	 0.000000	 0.000000	 0.000000	 0.000000	 0.000000	 0.000000	 0.000000	 0.000000	 0.000000	 0.000000	 0.000000	 0.000000	 0.000000	
 WIND_OFFSHORE 	 0.000000	 0.000000	 0.000000	 0.000000	 0.000000	 0.000000	 20443.002416	 0.000000	 0.000000	 0.000000	 0.000000	 0.000000	 0.000000	 0.000000	 0.000000	 -20443.002416	 0.000000	 0.000000	 0.000000	 0.000000	 0.000000	 0.000000	 0.000000	 0.000000	 0.000000	 0.000000	 0.000000	 0.000000	 0.000000	
 HYDRO_RIVER 	 0.000000	 0.000000	 0.000000	 0.000000	 0.000000	 0.000000	 487.581235	 0.000000	 0.000000	 0.000000	 0.000000	 0.000000	 0.000000	 -487.581235	 0.000000	 0.000000	 0.000000	 0.000000	 0.000000	 0.000000	 0.000000	 0.000000	 0.000000	 0.000000	 0.000000	 0.000000	 0.000000	 0.000000	 0.000000	
 GEOTHERMAL 	 0.000000	 0.000000	 0.000000	 0.000000	 0.000000	 0.000000	 0.000000	 0.000000	 0.000000	 0.000000	 0.000000	 0.000000	 0.000000	 0.000000	 0.000000	 0.000000	 0.000000	 0.000000	 0.000000	 0.000000	 0.000000	 0.000000	 0.000000	 0.000000	 0.000000	 0.000000	 0.000000	 0.000000	 0.000000	
 IND_COGEN_GAS 	 0.000000	 0.000000	 0.000000	 2268.701381	 0.000000	 0.000000	 4991.059549	 -11343.506904	 0.000000	 0.000000	 0.000000	 0.000000	 0.000000	 0.000000	 0.000000	 0.000000	 0.000000	 0.000000	 0.000000	 0.000000	 5218.044484	 0.000000	 0.000000	 0.000000	 0.000000	 0.000000	 0.000000	 0.000000	 0.000000	
 IND_COGEN_WOOD 	 0.000000	 0.000000	 0.000000	 0.000019	 0.000000	 0.000000	 0.000009	 0.000000	 0.000000	 0.000000	 0.000000	 0.000000	 0.000000	 0.000000	 0.000000	 0.000000	 0.000000	 0.000000	 0.000000	 -0.000048	 0.000026	 0.000000	 0.000000	 0.000000	 0.000000	 0.000000	 0.000000	 0.000000	 0.000000	
 IND_COGEN_WASTE 	 0.000000	 0.000000	 0.000000	 0.000014	 0.000000	 0.000000	 0.000011	 0.000000	 0.000000	 0.000000	 0.000000	 0.000000	 0.000000	 0.000000	 0.000000	 0.000000	 0.000000	 -0.000053	 0.000000	 0.000000	 0.000024	 0.000000	 0.000000	 0.000000	 0.000000	 0.000000	 0.000000	 0.000000	 0.000000	
 IND_BOILER_GAS 	 0.000000	 0.000000	 0.000000	 6871.976498	 0.000000	 0.000000	 0.000000	 -34359.882491	 0.000000	 0.000000	 0.000000	 0.000000	 0.000000	 0.000000	 0.000000	 0.000000	 0.000000	 0.000000	 0.000000	 0.000000	 31858.954558	 0.000000	 0.000000	 0.000000	 0.000000	 0.000000	 0.000000	 0.000000	 0.000000	
 IND_BOILER_WOOD 	 0.000000	 0.000000	 0.000000	 0.000017	 0.000000	 0.000000	 0.000000	 0.000000	 0.000000	 0.000000	 0.000000	 0.000000	 0.000000	 0.000000	 0.000000	 0.000000	 0.000000	 0.000000	 0.000000	 -0.000042	 0.000037	 0.000000	 0.000000	 0.000000	 0.000000	 0.000000	 0.000000	 0.000000	 0.000000	
 IND_BOILER_OIL 	 0.000000	 0.000000	 0.000000	 0.000041	 0.000000	 0.000000	 0.000000	 0.000000	 0.000000	 0.000000	 -0.000143	 0.000000	 0.000000	 0.000000	 0.000000	 0.000000	 0.000000	 0.000000	 0.000000	 0.000000	 0.000136	 0.000000	 0.000000	 0.000000	 0.000000	 0.000000	 0.000000	 0.000000	 0.000000	
 IND_BOILER_COAL 	 0.000000	 0.000000	 0.000000	 0.000000	 0.000000	 0.000000	 0.000000	 0.000000	 0.000000	 0.000000	 0.000000	 0.000000	 0.000000	 0.000000	 0.000000	 0.000000	 0.000000	 0.000000	 0.000000	 0.000000	 0.000000	 0.000000	 0.000000	 0.000000	 0.000000	 0.000000	 0.000000	 0.000000	 0.000000	
 IND_BOILER_WASTE 	 0.000000	 0.000000	 0.000000	 4627.999910	 0.000000	 0.000000	 0.000000	 0.000000	 0.000000	 0.000000	 0.000000	 0.000000	 0.000000	 0.000000	 0.000000	 0.000000	 0.000000	 -17799.999653	 0.000000	 0.000000	 14596.145677	 0.000000	 0.000000	 0.000000	 0.000000	 0.000000	 0.000000	 0.000000	 0.000000	
 IND_DIRECT_ELEC 	 0.000000	 0.000000	 0.000000	 0.000000	 0.000000	 0.000000	 -19446.560219	 0.000000	 0.000000	 0.000000	 0.000000	 0.000000	 0.000000	 0.000000	 0.000000	 0.000000	 0.000000	 0.000000	 0.000000	 0.000000	 19446.560219	 0.000000	 0.000000	 0.000000	 0.000000	 0.000000	 0.000000	 0.000000	 0.000000	
 DHN_HP_ELEC 	 0.000000	 0.000000	 0.000000	 0.000000	 0.000000	 0.000000	 -8044.437453	 0.000000	 0.000000	 0.000000	 0.000000	 0.000000	 0.000000	 0.000000	 0.000000	 0.000000	 0.000000	 0.000000	 0.000000	 0.000000	 0.000000	 34046.135258	 0.000000	 0.000000	 0.000000	 0.000000	 0.000000	 0.000000	 0.000000	
 DHN_COGEN_GAS 	 0.000000	 0.000000	 0.000000	 0.000039	 0.000000	 0.000000	 0.000096	 -0.000193	 0.000000	 0.000000	 0.000000	 0.000000	 0.000000	 0.000000	 0.000000	 0.000000	 0.000000	 0.000000	 0.000000	 0.000000	 0.000000	 0.000077	 0.000000	 0.000000	 0.000000	 0.000000	 0.000000	 0.000000	 0.000000	
 DHN_COGEN_WOOD 	 0.000000	 0.000000	 0.000000	 0.000013	 0.000000	 0.000000	 0.000006	 0.000000	 0.000000	 0.000000	 0.000000	 0.000000	 0.000000	 0.000000	 0.000000	 0.000000	 0.000000	 0.000000	 0.000000	 -0.000034	 0.000000	 0.000018	 0.000000	 0.000000	 0.000000	 0.000000	 0.000000	 0.000000	 0.000000	
 DHN_COGEN_WASTE 	 0.000000	 0.000000	 0.000000	 0.000011	 0.000000	 0.000000	 0.000008	 0.000000	 0.000000	 0.000000	 0.000000	 0.000000	 0.000000	 0.000000	 0.000000	 0.000000	 0.000000	 -0.000042	 0.000000	 0.000000	 0.000000	 0.000019	 0.000000	 0.000000	 0.000000	 0.000000	 0.000000	 0.000000	 0.000000	
 DHN_COGEN_WET_BIOMASS 	 0.000000	 0.000000	 0.000000	 0.000026	 0.000000	 0.000000	 0.000008	 0.000000	 0.000000	 0.000000	 0.000000	 0.000000	 0.000000	 0.000000	 0.000000	 0.000000	 0.000000	 0.000000	 -0.000065	 0.000000	 0.000000	 0.000010	 0.000000	 0.000000	 0.000000	 0.000000	 0.000000	 0.000000	 0.000000	
 DHN_COGEN_BIO_HYDROLYSIS 	 0.000000	 0.000000	 0.000000	 0.000010	 0.000000	 0.000000	 0.000007	 0.000000	 0.000000	 0.000000	 0.000000	 0.000000	 0.000000	 0.000000	 0.000000	 0.000000	 0.000000	 0.000000	 -0.000026	 0.000000	 0.000000	 0.000009	 0.000000	 0.000000	 0.000000	 0.000000	 0.000000	 0.000000	 0.000000	
 DHN_BOILER_GAS 	 0.000000	 0.000000	 0.000000	 5.252204	 0.000000	 0.000000	 0.000000	 -26.261021	 0.000000	 0.000000	 0.000000	 0.000000	 0.000000	 0.000000	 0.000000	 0.000000	 0.000000	 0.000000	 0.000000	 0.000000	 0.000000	 24.349579	 0.000000	 0.000000	 0.000000	 0.000000	 0.000000	 0.000000	 0.000000	
 DHN_BOILER_WOOD 	 0.000000	 0.000000	 0.000000	 0.000025	 0.000000	 0.000000	 0.000000	 0.000000	 0.000000	 0.000000	 0.000000	 0.000000	 0.000000	 0.000000	 0.000000	 0.000000	 0.000000	 0.000000	 0.000000	 -0.000065	 0.000000	 0.000056	 0.000000	 0.000000	 0.000000	 0.000000	 0.000000	 0.000000	 0.000000	
 DHN_BOILER_OIL 	 0.000000	 0.000000	 0.000000	 0.000525	 0.000000	 0.000000	 0.000000	 0.000000	 0.000000	 0.000000	 -0.001854	 0.000000	 0.000000	 0.000000	 0.000000	 0.000000	 0.000000	 0.000000	 0.000000	 0.000000	 0.000000	 0.001761	 0.000000	 0.000000	 0.000000	 0.000000	 0.000000	 0.000000	 0.000000	
 DHN_DEEP_GEO 	 0.000000	 0.000000	 0.000000	 0.000000	 0.000000	 0.000000	 0.000000	 0.000000	 0.000000	 0.000000	 0.000000	 0.000000	 0.000000	 0.000000	 0.000000	 0.000000	 0.000000	 0.000000	 0.000000	 0.000000	 0.000000	 0.000000	 0.000000	 0.000000	 0.000000	 0.000000	 0.000000	 0.000000	 0.000000	
 DHN_SOLAR 	 0.000000	 0.000000	 0.000000	 0.000000	 0.000000	 0.000000	 0.000000	 0.000000	 0.000000	 0.000000	 0.000000	 0.000000	 0.000000	 0.000000	 -0.000015	 0.000000	 0.000000	 0.000000	 0.000000	 0.000000	 0.000000	 0.000015	 0.000000	 0.000000	 0.000000	 0.000000	 0.000000	 0.000000	 0.000000	
 DEC_HP_ELEC 	 0.000000	 0.000000	 0.000000	 0.000000	 0.000000	 0.000000	 -15952.824193	 0.000000	 0.000000	 0.000000	 0.000000	 0.000000	 0.000000	 0.000000	 0.000000	 0.000000	 0.000000	 0.000000	 0.000000	 0.000000	 0.000000	 0.000000	 50642.415928	 0.000000	 0.000000	 0.000000	 0.000000	 0.000000	 0.000000	
 DEC_THHP_GAS 	 0.000000	 0.000000	 0.000000	 0.000000	 0.000000	 0.000000	 0.000000	 -0.000193	 0.000000	 0.000000	 0.000000	 0.000000	 0.000000	 0.000000	 0.000000	 0.000000	 0.000000	 0.000000	 0.000000	 0.000000	 0.000000	 0.000000	 0.000306	 0.000000	 0.000000	 0.000000	 0.000000	 0.000000	 0.000000	
 DEC_COGEN_GAS 	 0.000000	 0.000000	 0.000000	 0.000000	 0.000000	 0.000000	 0.000078	 -0.000178	 0.000000	 0.000000	 0.000000	 0.000000	 0.000000	 0.000000	 0.000000	 0.000000	 0.000000	 0.000000	 0.000000	 0.000000	 0.000000	 0.000000	 0.000082	 0.000000	 0.000000	 0.000000	 0.000000	 0.000000	 0.000000	
 DEC_COGEN_OIL 	 0.000000	 0.000000	 0.000000	 0.000000	 0.000000	 0.000000	 0.000035	 0.000000	 0.000000	 0.000000	 -0.000089	 0.000000	 0.000000	 0.000000	 0.000000	 0.000000	 0.000000	 0.000000	 0.000000	 0.000000	 0.000000	 0.000000	 0.000038	 0.000000	 0.000000	 0.000000	 0.000000	 0.000000	 0.000000	
 DEC_ADVCOGEN_GAS 	 0.000000	 0.000000	 0.000000	 0.000000	 0.000000	 0.000000	 0.000125	 -0.000215	 0.000000	 0.000000	 0.000000	 0.000000	 0.000000	 0.000000	 0.000000	 0.000000	 0.000000	 0.000000	 0.000000	 0.000000	 0.000000	 0.000000	 0.000047	 0.000000	 0.000000	 0.000000	 0.000000	 0.000000	 0.000000	
 DEC_ADVCOGEN_H2 	 0.000000	 0.000000	 0.000000	 0.000000	 0.000000	 0.000000	 60268.674048	 0.000000	 0.000000	 -103911.112837	 0.000000	 0.000000	 0.000000	 0.000000	 0.000000	 0.000000	 0.000000	 0.000000	 0.000000	 0.000000	 0.000000	 0.000000	 22860.216222	 0.000000	 0.000000	 0.000000	 0.000000	 0.000000	 0.000000	
 DEC_BOILER_GAS 	 0.000000	 0.000000	 0.000000	 0.000000	 0.000000	 0.000000	 0.000000	 -0.000129	 0.000000	 0.000000	 0.000000	 0.000000	 0.000000	 0.000000	 0.000000	 0.000000	 0.000000	 0.000000	 0.000000	 0.000000	 0.000000	 0.000000	 0.000116	 0.000000	 0.000000	 0.000000	 0.000000	 0.000000	 0.000000	
 DEC_BOILER_WOOD 	 0.000000	 0.000000	 0.000000	 0.000000	 0.000000	 0.000000	 0.000000	 0.000000	 0.000000	 0.000000	 0.000000	 0.000000	 0.000000	 0.000000	 0.000000	 0.000000	 0.000000	 0.000000	 0.000000	 -0.000039	 0.000000	 0.000000	 0.000033	 0.000000	 0.000000	 0.000000	 0.000000	 0.000000	 0.000000	
 DEC_BOILER_OIL 	 0.000000	 0.000000	 0.000000	 0.000000	 0.000000	 0.000000	 0.000000	 0.000000	 0.000000	 0.000000	 -0.000080	 0.000000	 0.000000	 0.000000	 0.000000	 0.000000	 0.000000	 0.000000	 0.000000	 0.000000	 0.000000	 0.000000	 0.000076	 0.000000	 0.000000	 0.000000	 0.000000	 0.000000	 0.000000	
 DEC_SOLAR 	 0.000000	 0.000000	 0.000000	 0.000000	 0.000000	 0.000000	 0.000000	 0.000000	 0.000000	 0.000000	 0.000000	 0.000000	 0.000000	 0.000000	 -0.000112	 0.000000	 0.000000	 0.000000	 0.000000	 0.000000	 0.000000	 0.000000	 0.000112	 0.000000	 0.000000	 0.000000	 0.000000	 0.000000	 0.000000	
 DEC_DIRECT_ELEC 	 0.000000	 0.000000	 0.000000	 0.000000	 0.000000	 0.000000	 -0.000118	 0.000000	 0.000000	 0.000000	 0.000000	 0.000000	 0.000000	 0.000000	 0.000000	 0.000000	 0.000000	 0.000000	 0.000000	 0.000000	 0.000000	 0.000000	 0.000118	 0.000000	 0.000000	 0.000000	 0.000000	 0.000000	 0.000000	
 TRAMWAY_TROLLEY 	 0.000000	 0.000000	 0.000000	 0.000000	 0.000000	 0.000000	 -1342.762112	 0.000000	 0.000000	 0.000000	 0.000000	 0.000000	 0.000000	 0.000000	 0.000000	 0.000000	 0.000000	 0.000000	 0.000000	 0.000000	 0.000000	 0.000000	 0.000000	 23890.287035	 0.000000	 0.000000	 0.000000	 0.000000	 0.000000	
 BUS_COACH_DIESEL 	 0.000000	 0.000000	 0.000000	 0.000000	 0.000000	 -0.000004	 0.000000	 0.000000	 0.000000	 0.000000	 0.000000	 0.000000	 0.000000	 0.000000	 0.000000	 0.000000	 0.000000	 0.000000	 0.000000	 0.000000	 0.000000	 0.000000	 0.000000	 0.000015	 0.000000	 0.000000	 0.000000	 0.000000	 0.000000	
 BUS_COACH_HYDIESEL 	 0.000000	 0.000000	 0.000000	 0.000000	 0.000000	 -0.000007	 0.000000	 0.000000	 0.000000	 0.000000	 0.000000	 0.000000	 0.000000	 0.000000	 0.000000	 0.000000	 0.000000	 0.000000	 0.000000	 0.000000	 0.000000	 0.000000	 0.000000	 0.000042	 0.000000	 0.000000	 0.000000	 0.000000	 0.000000	
 BUS_COACH_CNG_STOICH 	 0.000000	 0.000000	 0.000000	 0.000000	 0.000000	 0.000000	 0.000000	 -0.000004	 0.000000	 0.000000	 0.000000	 0.000000	 0.000000	 0.000000	 0.000000	 0.000000	 0.000000	 0.000000	 0.000000	 0.000000	 0.000000	 0.000000	 0.000000	 0.000017	 0.000000	 0.000000	 0.000000	 0.000000	 0.000000	
 BUS_COACH_FC_HYBRIDH2 	 0.000000	 0.000000	 0.000000	 0.000000	 0.000000	 0.000000	 0.000000	 0.000000	 0.000000	 -0.000543	 0.000000	 0.000000	 0.000000	 0.000000	 0.000000	 0.000000	 0.000000	 0.000000	 0.000000	 0.000000	 0.000000	 0.000000	 0.000000	 0.002838	 0.000000	 0.000000	 0.000000	 0.000000	 0.000000	
 BUS_COACH_ELECTRIC 	 0.000000	 0.000000	 0.000000	 0.000000	 0.000000	 0.000000	 0.000000	 0.000000	 0.000000	 -3045.083869	 0.000000	 0.000000	 0.000000	 0.000000	 0.000000	 0.000000	 0.000000	 0.000000	 0.000000	 0.000000	 0.000000	 0.000000	 0.000000	 15926.855084	 0.000000	 0.000000	 0.000000	 0.000000	 0.000000	
 TRAIN_PUB 	 0.000000	 0.000000	 0.000000	 0.000000	 0.000000	 0.000000	 -2320.292922	 0.000000	 0.000000	 0.000000	 0.000000	 0.000000	 0.000000	 0.000000	 0.000000	 0.000000	 0.000000	 0.000000	 0.000000	 0.000000	 0.000000	 0.000000	 0.000000	 39817.145037	 0.000000	 0.000000	 0.000000	 0.000000	 0.000000	
 CAR_GASOLINE 	 0.000000	 0.000000	 0.000000	 0.000000	 0.000000	 0.000000	 0.000000	 0.000000	 -0.000007	 0.000000	 0.000000	 0.000000	 0.000000	 0.000000	 0.000000	 0.000000	 0.000000	 0.000000	 0.000000	 0.000000	 0.000000	 0.000000	 0.000000	 0.000000	 0.000016	 0.000000	 0.000000	 0.000000	 0.000000	
 CAR_DIESEL 	 0.000000	 0.000000	 0.000000	 0.000000	 0.000000	 -0.000007	 0.000000	 0.000000	 0.000000	 0.000000	 0.000000	 0.000000	 0.000000	 0.000000	 0.000000	 0.000000	 0.000000	 0.000000	 0.000000	 0.000000	 0.000000	 0.000000	 0.000000	 0.000000	 0.000018	 0.000000	 0.000000	 0.000000	 0.000000	
 CAR_NG 	 0.000000	 0.000000	 0.000000	 0.000000	 0.000000	 0.000000	 0.000000	 -0.000011	 0.000000	 0.000000	 0.000000	 0.000000	 0.000000	 0.000000	 0.000000	 0.000000	 0.000000	 0.000000	 0.000000	 0.000000	 0.000000	 0.000000	 0.000000	 0.000000	 0.000034	 0.000000	 0.000000	 0.000000	 0.000000	
 CAR_METHANOL 	 0.000000	 0.000000	 0.000000	 0.000000	 0.000000	 0.000000	 0.000000	 0.000000	 0.000000	 0.000000	 0.000000	 -0.000007	 0.000000	 0.000000	 0.000000	 0.000000	 0.000000	 0.000000	 0.000000	 0.000000	 0.000000	 0.000000	 0.000000	 0.000000	 0.000016	 0.000000	 0.000000	 0.000000	 0.000000	
 CAR_HEV 	 0.000000	 0.000000	 0.000000	 0.000000	 0.000000	 0.000000	 0.000000	 0.000000	 -0.000006	 0.000000	 0.000000	 0.000000	 0.000000	 0.000000	 0.000000	 0.000000	 0.000000	 0.000000	 0.000000	 0.000000	 0.000000	 0.000000	 0.000000	 0.000000	 0.000019	 0.000000	 0.000000	 0.000000	 0.000000	
 CAR_PHEV 	 0.000000	 0.000000	 0.000000	 0.000000	 0.000000	 0.000000	 -0.000495	 0.000000	 -0.000391	 0.000000	 0.000000	 0.000000	 0.000000	 0.000000	 0.000000	 0.000000	 0.000000	 0.000000	 0.000000	 0.000000	 0.000000	 0.000000	 0.000000	 0.000000	 0.004035	 0.000000	 0.000000	 0.000000	 0.000000	
 CAR_BEV 	 0.000000	 0.000000	 0.000000	 0.000000	 0.000000	 0.000000	 -10112.290266	 0.000000	 0.000000	 0.000000	 0.000000	 0.000000	 0.000000	 0.000000	 0.000000	 0.000000	 0.000000	 0.000000	 0.000000	 0.000000	 0.000000	 0.000000	 0.000000	 0.000000	 79634.285838	 0.000000	 0.000000	 0.000000	 0.000000	
 CAR_FUEL_CELL 	 0.000000	 0.000000	 0.000000	 0.000000	 0.000000	 0.000000	 0.000000	 0.000000	 0.000000	 -0.000003	 0.000000	 0.000000	 0.000000	 0.000000	 0.000000	 0.000000	 0.000000	 0.000000	 0.000000	 0.000000	 0.000000	 0.000000	 0.000000	 0.000000	 0.000015	 0.000000	 0.000000	 0.000000	 0.000000	
 TRAIN_FREIGHT 	 0.000000	 0.000000	 0.000000	 0.000000	 0.000000	 0.000000	 -1424.453093	 0.000000	 0.000000	 0.000000	 0.000000	 0.000000	 0.000000	 0.000000	 0.000000	 0.000000	 0.000000	 0.000000	 0.000000	 0.000000	 0.000000	 0.000000	 0.000000	 0.000000	 0.000000	 23191.548983	 0.000000	 0.000000	 0.000000	
 BOAT_FREIGHT_DIESEL 	 0.000000	 0.000000	 0.000000	 0.000000	 0.000000	 -2735.316999	 0.000000	 0.000000	 0.000000	 0.000000	 0.000000	 0.000000	 0.000000	 0.000000	 0.000000	 0.000000	 0.000000	 0.000000	 0.000000	 0.000000	 0.000000	 0.000000	 0.000000	 0.000000	 0.000000	 0.000000	 27829.855618	 0.000000	 0.000000	
 BOAT_FREIGHT_NG 	 0.000000	 0.000000	 0.000000	 0.000000	 0.000000	 0.000000	 0.000000	 -0.000229	 0.000000	 0.000000	 0.000000	 0.000000	 0.000000	 0.000000	 0.000000	 0.000000	 0.000000	 0.000000	 0.000000	 0.000000	 0.000000	 0.000000	 0.000000	 0.000000	 0.000000	 0.000000	 0.002062	 0.000000	 0.000000	
 BOAT_FREIGHT_METHANOL 	 0.000000	 0.000000	 0.000000	 0.000000	 0.000000	 0.000000	 0.000000	 0.000000	 0.000000	 0.000000	 0.000000	 -0.000126	 0.000000	 0.000000	 0.000000	 0.000000	 0.000000	 0.000000	 0.000000	 0.000000	 0.000000	 0.000000	 0.000000	 0.000000	 0.000000	 0.000000	 0.001113	 0.000000	 0.000000	
 TRUCK_DIESEL 	 0.000000	 0.000000	 0.000000	 0.000000	 0.000000	 -0.000027	 0.000000	 0.000000	 0.000000	 0.000000	 0.000000	 0.000000	 0.000000	 0.000000	 0.000000	 0.000000	 0.000000	 0.000000	 0.000000	 0.000000	 0.000000	 0.000000	 0.000000	 0.000000	 0.000000	 0.000000	 0.000000	 0.000057	 0.000000	
 TRUCK_METHANOL 	 0.000000	 0.000000	 0.000000	 0.000000	 0.000000	 0.000000	 0.000000	 0.000000	 0.000000	 0.000000	 0.000000	 -0.000031	 0.000000	 0.000000	 0.000000	 0.000000	 0.000000	 0.000000	 0.000000	 0.000000	 0.000000	 0.000000	 0.000000	 0.000000	 0.000000	 0.000000	 0.000000	 0.000057	 0.000000	
 TRUCK_FUEL_CELL 	 0.000000	 0.000000	 0.000000	 0.000000	 0.000000	 0.000000	 0.000000	 0.000000	 0.000000	 -15573.191995	 0.000000	 0.000000	 0.000000	 0.000000	 0.000000	 0.000000	 0.000000	 0.000000	 0.000000	 0.000000	 0.000000	 0.000000	 0.000000	 0.000000	 0.000000	 0.000000	 0.000000	 41744.789738	 0.000000	
 TRUCK_ELEC 	 0.000000	 0.000000	 0.000000	 0.000000	 0.000000	 0.000000	 -0.000044	 0.000000	 0.000000	 0.000000	 0.000000	 0.000000	 0.000000	 0.000000	 0.000000	 0.000000	 0.000000	 0.000000	 0.000000	 0.000000	 0.000000	 0.000000	 0.000000	 0.000000	 0.000000	 0.000000	 0.000000	 0.000197	 0.000000	
 TRUCK_NG 	 0.000000	 0.000000	 0.000000	 0.000000	 0.000000	 0.000000	 0.000000	 -0.000000	 0.000000	 0.000000	 0.000000	 0.000000	 0.000000	 0.000000	 0.000000	 0.000000	 0.000000	 0.000000	 0.000000	 0.000000	 0.000000	 0.000000	 0.000000	 0.000000	 0.000000	 0.000000	 0.000000	 0.000000	 0.000000	
 HABER_BOSCH 	 0.000191	 0.000000	 0.000000	 0.000000	 0.000000	 0.000000	 -0.000023	 0.000000	 0.000000	 -0.000216	 0.000000	 0.000000	 0.000000	 0.000000	 0.000000	 0.000000	 0.000000	 0.000000	 0.000000	 0.000000	 0.000000	 0.000026	 0.000000	 0.000000	 0.000000	 0.000000	 0.000000	 0.000000	 0.000000	
 SYN_METHANOLATION 	 0.000000	 0.000000	 -0.000039	 0.000000	 0.000000	 0.000000	 -0.000005	 0.000000	 0.000000	 -0.000190	 0.000000	 0.000158	 0.000000	 0.000000	 0.000000	 0.000000	 0.000000	 0.000000	 0.000000	 0.000000	 0.000000	 0.000013	 0.000000	 0.000000	 0.000000	 0.000000	 0.000000	 0.000000	 0.000000	
 METHANE_TO_METHANOL 	 0.000000	 0.000000	 0.000000	 211.416578	 0.000000	 0.000000	 0.000000	 -5378.181984	 0.000000	 0.000000	 0.000000	 3517.331017	 0.000000	 0.000000	 0.000000	 0.000000	 0.000000	 0.000000	 0.000000	 0.000000	 0.000000	 0.000000	 0.000000	 0.000000	 0.000000	 0.000000	 0.000000	 0.000000	 0.000000	
 BIOMASS_TO_METHANOL 	 0.000000	 0.000000	 0.000000	 0.000005	 0.000000	 0.000000	 0.000000	 0.000000	 0.000000	 0.000000	 0.000000	 0.000014	 0.000000	 0.000000	 0.000000	 0.000000	 0.000000	 0.000000	 0.000000	 -0.000022	 0.000000	 0.000005	 0.000000	 0.000000	 0.000000	 0.000000	 0.000000	 0.000000	 0.000000	
 OIL_TO_HVC 	 0.000000	 0.000000	 0.000000	 0.000023	 0.000000	 0.000000	 -0.000002	 0.000000	 0.000000	 0.000000	 -0.000197	 0.000000	 0.000000	 0.000000	 0.000000	 0.000000	 0.000000	 0.000000	 0.000000	 0.000000	 -0.000002	 0.000000	 0.000000	 0.000000	 0.000000	 0.000000	 0.000000	 0.000000	 0.000108	
 GAS_TO_HVC 	 0.000000	 0.000000	 0.000000	 0.000000	 0.000000	 0.000000	 0.000000	 0.000000	 0.000000	 0.000000	 0.000000	 0.000000	 0.000000	 0.000000	 0.000000	 0.000000	 0.000000	 0.000000	 0.000000	 0.000000	 0.000000	 0.000000	 0.000000	 0.000000	 0.000000	 0.000000	 0.000000	 0.000000	 0.000000	
 METHANOL_TO_HVC 	 0.000000	 0.000000	 0.000000	 0.000000	 0.000000	 0.000000	 0.000000	 0.000000	 0.000000	 0.000000	 0.000000	 -53188.999508	 0.000000	 0.000000	 0.000000	 0.000000	 0.000000	 0.000000	 0.000000	 0.000000	 -14141.960502	 0.000000	 0.000000	 0.000000	 0.000000	 0.000000	 0.000000	 0.000000	 42854.425764	
 ADLIBIO_TO_HVC 	 0.000000	 0.000000	 0.000000	 0.000012	 0.000000	 0.000000	 -0.000002	 0.000000	 0.000000	 -0.000041	 0.000000	 0.000000	 0.000000	 0.000000	 0.000000	 0.000000	 0.000000	 0.000000	 0.000000	 -0.000117	 0.000038	 0.000000	 0.000000	 0.000000	 0.000000	 0.000000	 0.000000	 0.000000	 0.000058	
 ADLIBIO_TO_FUEL 	 0.000000	 0.000000	 0.000000	 0.000000	 0.000000	 0.000000	 -0.000000	 0.000000	 0.000068	 -0.000026	 0.000000	 0.000000	 0.000000	 0.000000	 0.000000	 0.000000	 0.000000	 0.000000	 0.000000	 -0.000075	 0.000025	 0.000000	 0.000000	 0.000000	 0.000000	 0.000000	 0.000000	 0.000000	 0.000000	
 AMMONIA_TO_H2 	 -0.000100	 0.000000	 0.000000	 0.000000	 0.000000	 0.000000	 0.000000	 0.000000	 0.000000	 0.000071	 0.000000	 0.000000	 0.000000	 0.000000	 0.000000	 0.000000	 0.000000	 0.000000	 0.000000	 0.000000	 -0.000011	 0.000007	 0.000000	 0.000000	 0.000000	 0.000000	 0.000000	 0.000000	 0.000000	
 ATM_CCS 	 0.000000	 -7415.743739	 7415.743739	 0.000000	 0.000000	 0.000000	 -9640.466861	 0.000000	 0.000000	 0.000000	 0.000000	 0.000000	 0.000000	 0.000000	 0.000000	 0.000000	 0.000000	 0.000000	 0.000000	 0.000000	 0.000000	 0.000000	 0.000000	 0.000000	 0.000000	 0.000000	 0.000000	 0.000000	 0.000000	
 BIO_HYDROLYSIS 	 0.000000	 0.000000	 0.000000	 0.000037	 0.000000	 0.000000	 0.000005	 0.000051	 0.000000	 0.000000	 0.000000	 0.000000	 0.000000	 0.000000	 0.000000	 0.000000	 0.000000	 0.000000	 -0.000121	 0.000000	 0.000000	 0.000000	 0.000000	 0.000000	 0.000000	 0.000000	 0.000000	 0.000000	 0.000000	
 BIOMETHANATION 	 0.000000	 0.000000	 0.000000	 0.000031	 0.000000	 0.000000	 0.000000	 0.000028	 0.000000	 0.000000	 0.000000	 0.000000	 0.000000	 0.000000	 0.000000	 0.000000	 0.000000	 0.000000	 -0.000093	 0.000000	 0.000000	 0.000000	 0.000000	 0.000000	 0.000000	 0.000000	 0.000000	 0.000000	 0.000000	
 DHN 	 0.000000	 0.000000	 0.000000	 0.000000	 0.000000	 0.000000	 0.000000	 0.000000	 0.000000	 0.000000	 0.000000	 0.000000	 0.000000	 0.000000	 0.000000	 0.000000	 0.000000	 0.000000	 0.000000	 0.000000	 0.000000	 0.000000	 0.000000	 0.000000	 0.000000	 0.000000	 0.000000	 0.000000	 0.000000	
 EFFICIENCY 	 0.000000	 0.000000	 0.000000	 0.000000	 0.000000	 0.000000	 0.000000	 0.000000	 0.000000	 0.000000	 0.000000	 0.000000	 0.000000	 0.000000	 0.000000	 0.000000	 0.000000	 0.000000	 0.000000	 0.000000	 0.000000	 0.000000	 0.000000	 0.000000	 0.000000	 0.000000	 0.000000	 0.000000	 0.000000	
 GASIFICATION_SNG 	 0.000000	 0.000000	 0.000000	 0.000014	 0.000000	 0.000000	 0.000000	 0.000035	 0.000000	 0.000000	 0.000000	 0.000000	 0.000000	 0.000000	 0.000000	 0.000000	 0.000000	 0.000000	 0.000000	 -0.000049	 0.000000	 0.000012	 0.000000	 0.000000	 0.000000	 0.000000	 0.000000	 0.000000	 0.000000	
 GRID 	 0.000000	 0.000000	 0.000000	 0.000000	 0.000000	 0.000000	 0.000000	 0.000000	 0.000000	 0.000000	 0.000000	 0.000000	 0.000000	 0.000000	 0.000000	 0.000000	 0.000000	 0.000000	 0.000000	 0.000000	 0.000000	 0.000000	 0.000000	 0.000000	 0.000000	 0.000000	 0.000000	 0.000000	 0.000000	
 H2_BIOMASS 	 0.000000	 0.000000	 0.000000	 0.000051	 0.000000	 0.000000	 0.000000	 0.000000	 0.000000	 0.000057	 0.000000	 0.000000	 0.000000	 0.000000	 0.000000	 0.000000	 0.000000	 0.000000	 0.000000	 -0.000127	 0.000000	 0.000000	 0.000000	 0.000000	 0.000000	 0.000000	 0.000000	 0.000000	 0.000000	
 H2_ELECTROLYSIS 	 0.000000	 0.000000	 0.000000	 0.000000	 0.000000	 0.000000	 -787.823170	 0.000000	 0.000000	 732.212123	 0.000000	 0.000000	 0.000000	 0.000000	 0.000000	 0.000000	 0.000000	 0.000000	 0.000000	 0.000000	 -139.027619	 13.902762	 0.000000	 0.000000	 0.000000	 0.000000	 0.000000	 0.000000	 0.000000	
 INDUSTRY_CCS 	 0.000000	 0.000000	 0.000025	 -0.000028	 0.000000	 0.000000	 -0.000006	 0.000000	 0.000000	 0.000000	 0.000000	 0.000000	 0.000000	 0.000000	 0.000000	 0.000000	 0.000000	 0.000000	 0.000000	 0.000000	 0.000000	 0.000000	 0.000000	 0.000000	 0.000000	 0.000000	 0.000000	 0.000000	 0.000000	
 REDIFUEL 	 0.000000	 0.000000	 0.000000	 0.000007	 0.000000	 0.000007	 -0.000003	 0.000000	 0.000005	 0.000000	 0.000000	 0.000000	 0.000000	 0.000000	 0.000000	 0.000000	 0.000000	 0.000000	 0.000000	 -0.000027	 0.000000	 0.000000	 0.000000	 0.000000	 0.000000	 0.000000	 0.000000	 0.000000	 0.000000	
 SMR 	 0.000000	 0.000000	 0.000000	 0.000018	 0.000000	 0.000000	 0.000000	 -0.000088	 0.000000	 0.000065	 0.000000	 0.000000	 0.000000	 0.000000	 0.000000	 0.000000	 0.000000	 0.000000	 0.000000	 0.000000	 0.000000	 0.000000	 0.000000	 0.000000	 0.000000	 0.000000	 0.000000	 0.000000	 0.000000	
 SYN_METHANATION 	 0.000000	 0.000000	 -7415.743749	 0.000000	 0.000000	 0.000000	 0.000000	 37078.718744	 0.000000	 -44494.462493	 0.000000	 0.000000	 0.000000	 0.000000	 0.000000	 0.000000	 0.000000	 0.000000	 0.000000	 0.000000	 0.000000	 10938.222030	 0.000000	 0.000000	 0.000000	 0.000000	 0.000000	 0.000000	 0.000000	
 PHS 	 0.000000	 0.000000	 0.000000	 0.000000	 0.000000	 0.000000	 -106.833130	 0.000000	 0.000000	 0.000000	 0.000000	 0.000000	 0.000000	 0.000000	 0.000000	 0.000000	 0.000000	 0.000000	 0.000000	 0.000000	 0.000000	 0.000000	 0.000000	 0.000000	 0.000000	 0.000000	 0.000000	 0.000000	 0.000000	
 BATT_LI 	 0.000000	 0.000000	 0.000000	 0.000000	 0.000000	 0.000000	 -0.000267	 0.000000	 0.000000	 0.000000	 0.000000	 0.000000	 0.000000	 0.000000	 0.000000	 0.000000	 0.000000	 0.000000	 0.000000	 0.000000	 0.000000	 0.000000	 0.000000	 0.000000	 0.000000	 0.000000	 0.000000	 0.000000	 0.000000	
 BEV_BATT 	 0.000000	 0.000000	 0.000000	 0.000000	 0.000000	 0.000000	 -1384.030177	 0.000000	 0.000000	 0.000000	 0.000000	 0.000000	 0.000000	 0.000000	 0.000000	 0.000000	 0.000000	 0.000000	 0.000000	 0.000000	 0.000000	 0.000000	 0.000000	 0.000000	 0.000000	 0.000000	 0.000000	 0.000000	 0.000000	
 PHEV_BATT 	 0.000000	 0.000000	 0.000000	 0.000000	 0.000000	 0.000000	 -0.000057	 0.000000	 0.000000	 0.000000	 0.000000	 0.000000	 0.000000	 0.000000	 0.000000	 0.000000	 0.000000	 0.000000	 0.000000	 0.000000	 0.000000	 0.000000	 0.000000	 0.000000	 0.000000	 0.000000	 0.000000	 0.000000	 0.000000	
 TS_DEC_DIRECT_ELEC 	 0.000000	 0.000000	 0.000000	 0.000000	 0.000000	 0.000000	 0.000000	 0.000000	 0.000000	 0.000000	 0.000000	 0.000000	 0.000000	 0.000000	 0.000000	 0.000000	 0.000000	 0.000000	 0.000000	 0.000000	 0.000000	 0.000000	 -0.000092	 0.000000	 0.000000	 0.000000	 0.000000	 0.000000	 0.000000	
 TS_DEC_HP_ELEC 	 0.000000	 0.000000	 0.000000	 0.000000	 0.000000	 0.000000	 0.000000	 0.000000	 0.000000	 0.000000	 0.000000	 0.000000	 0.000000	 0.000000	 0.000000	 0.000000	 0.000000	 0.000000	 0.000000	 0.000000	 0.000000	 0.000000	 -708.534362	 0.000000	 0.000000	 0.000000	 0.000000	 0.000000	 0.000000	
 TS_DEC_THHP_GAS 	 0.000000	 0.000000	 0.000000	 0.000000	 0.000000	 0.000000	 0.000000	 0.000000	 0.000000	 0.000000	 0.000000	 0.000000	 0.000000	 0.000000	 0.000000	 0.000000	 0.000000	 0.000000	 0.000000	 0.000000	 0.000000	 0.000000	 -0.000128	 0.000000	 0.000000	 0.000000	 0.000000	 0.000000	 0.000000	
 TS_DEC_COGEN_GAS 	 0.000000	 0.000000	 0.000000	 0.000000	 0.000000	 0.000000	 0.000000	 0.000000	 0.000000	 0.000000	 0.000000	 0.000000	 0.000000	 0.000000	 0.000000	 0.000000	 0.000000	 0.000000	 0.000000	 0.000000	 0.000000	 0.000000	 -0.000095	 0.000000	 0.000000	 0.000000	 0.000000	 0.000000	 0.000000	
 TS_DEC_COGEN_OIL 	 0.000000	 0.000000	 0.000000	 0.000000	 0.000000	 0.000000	 0.000000	 0.000000	 0.000000	 0.000000	 0.000000	 0.000000	 0.000000	 0.000000	 0.000000	 0.000000	 0.000000	 0.000000	 0.000000	 0.000000	 0.000000	 0.000000	 -0.000059	 0.000000	 0.000000	 0.000000	 0.000000	 0.000000	 0.000000	
 TS_DEC_ADVCOGEN_GAS 	 0.000000	 0.000000	 0.000000	 0.000000	 0.000000	 0.000000	 0.000000	 0.000000	 0.000000	 0.000000	 0.000000	 0.000000	 0.000000	 0.000000	 0.000000	 0.000000	 0.000000	 0.000000	 0.000000	 0.000000	 0.000000	 0.000000	 -0.000065	 0.000000	 0.000000	 0.000000	 0.000000	 0.000000	 0.000000	
 TS_DEC_ADVCOGEN_H2 	 0.000000	 0.000000	 0.000000	 0.000000	 0.000000	 0.000000	 0.000000	 0.000000	 0.000000	 0.000000	 0.000000	 0.000000	 0.000000	 0.000000	 0.000000	 0.000000	 0.000000	 0.000000	 0.000000	 0.000000	 0.000000	 0.000000	 -513.095726	 0.000000	 0.000000	 0.000000	 0.000000	 0.000000	 0.000000	
 TS_DEC_BOILER_GAS 	 0.000000	 0.000000	 0.000000	 0.000000	 0.000000	 0.000000	 0.000000	 0.000000	 0.000000	 0.000000	 0.000000	 0.000000	 0.000000	 0.000000	 0.000000	 0.000000	 0.000000	 0.000000	 0.000000	 0.000000	 0.000000	 0.000000	 -0.000105	 0.000000	 0.000000	 0.000000	 0.000000	 0.000000	 0.000000	
 TS_DEC_BOILER_WOOD 	 0.000000	 0.000000	 0.000000	 0.000000	 0.000000	 0.000000	 0.000000	 0.000000	 0.000000	 0.000000	 0.000000	 0.000000	 0.000000	 0.000000	 0.000000	 0.000000	 0.000000	 0.000000	 0.000000	 0.000000	 0.000000	 0.000000	 -0.000064	 0.000000	 0.000000	 0.000000	 0.000000	 0.000000	 0.000000	
 TS_DEC_BOILER_OIL 	 0.000000	 0.000000	 0.000000	 0.000000	 0.000000	 0.000000	 0.000000	 0.000000	 0.000000	 0.000000	 0.000000	 0.000000	 0.000000	 0.000000	 0.000000	 0.000000	 0.000000	 0.000000	 0.000000	 0.000000	 0.000000	 0.000000	 -0.000079	 0.000000	 0.000000	 0.000000	 0.000000	 0.000000	 0.000000	
 TS_DHN_DAILY 	 0.000000	 0.000000	 0.000000	 0.000000	 0.000000	 0.000000	 0.000000	 0.000000	 0.000000	 0.000000	 0.000000	 0.000000	 0.000000	 0.000000	 0.000000	 0.000000	 0.000000	 0.000000	 0.000000	 0.000000	 0.000000	 -320.711566	 0.000000	 0.000000	 0.000000	 0.000000	 0.000000	 0.000000	 0.000000	
 TS_DHN_SEASONAL 	 0.000000	 0.000000	 0.000000	 0.000000	 0.000000	 0.000000	 0.000000	 0.000000	 0.000000	 0.000000	 0.000000	 0.000000	 0.000000	 0.000000	 0.000000	 0.000000	 0.000000	 0.000000	 0.000000	 0.000000	 0.000000	 -0.023105	 0.000000	 0.000000	 0.000000	 0.000000	 0.000000	 0.000000	 0.000000	
 TS_HIGH_TEMP 	 0.000000	 0.000000	 0.000000	 0.000000	 0.000000	 0.000000	 0.000000	 0.000000	 0.000000	 0.000000	 0.000000	 0.000000	 0.000000	 0.000000	 0.000000	 0.000000	 0.000000	 0.000000	 0.000000	 0.000000	 -125.416984	 0.000000	 0.000000	 0.000000	 0.000000	 0.000000	 0.000000	 0.000000	 0.000000	
 GAS_STORAGE 	 0.000000	 0.000000	 0.000000	 0.000000	 0.000000	 0.000000	 0.000000	 -0.000039	 0.000000	 0.000000	 0.000000	 0.000000	 0.000000	 0.000000	 0.000000	 0.000000	 0.000000	 0.000000	 0.000000	 0.000000	 0.000000	 0.000000	 0.000000	 0.000000	 0.000000	 0.000000	 0.000000	 0.000000	 0.000000	
 H2_STORAGE 	 0.000000	 0.000000	 0.000000	 0.000000	 0.000000	 0.000000	 0.000000	 0.000000	 0.000000	 -0.000199	 0.000000	 0.000000	 0.000000	 0.000000	 0.000000	 0.000000	 0.000000	 0.000000	 0.000000	 0.000000	 0.000000	 0.000000	 0.000000	 0.000000	 0.000000	 0.000000	 0.000000	 0.000000	 0.000000	
 DIESEL_STORAGE 	 0.000000	 0.000000	 0.000000	 0.000000	 0.000000	 -0.000000	 0.000000	 0.000000	 0.000000	 0.000000	 0.000000	 0.000000	 0.000000	 0.000000	 0.000000	 0.000000	 0.000000	 0.000000	 0.000000	 0.000000	 0.000000	 0.000000	 0.000000	 0.000000	 0.000000	 0.000000	 0.000000	 0.000000	 0.000000	
 GASOLINE_STORAGE 	 0.000000	 0.000000	 0.000000	 0.000000	 0.000000	 0.000000	 0.000000	 0.000000	 0.000000	 0.000000	 0.000000	 0.000000	 0.000000	 0.000000	 0.000000	 0.000000	 0.000000	 0.000000	 0.000000	 0.000000	 0.000000	 0.000000	 0.000000	 0.000000	 0.000000	 0.000000	 0.000000	 0.000000	 0.000000	
 LFO_STORAGE 	 0.000000	 0.000000	 0.000000	 0.000000	 0.000000	 0.000000	 0.000000	 0.000000	 0.000000	 0.000000	 0.000000	 0.000000	 0.000000	 0.000000	 0.000000	 0.000000	 0.000000	 0.000000	 0.000000	 0.000000	 0.000000	 0.000000	 0.000000	 0.000000	 0.000000	 0.000000	 0.000000	 0.000000	 0.000000	
 AMMONIA_STORAGE 	 0.000000	 0.000000	 0.000000	 0.000000	 0.000000	 0.000000	 0.000000	 0.000000	 0.000000	 0.000000	 0.000000	 0.000000	 0.000000	 0.000000	 0.000000	 0.000000	 0.000000	 0.000000	 0.000000	 0.000000	 0.000000	 0.000000	 0.000000	 0.000000	 0.000000	 0.000000	 0.000000	 0.000000	 0.000000	
 METHANOL_STORAGE 	 0.000000	 0.000000	 0.000000	 0.000000	 0.000000	 0.000000	 0.000000	 0.000000	 0.000000	 0.000000	 0.000000	 -0.000000	 0.000000	 0.000000	 0.000000	 0.000000	 0.000000	 0.000000	 0.000000	 0.000000	 0.000000	 0.000000	 0.000000	 0.000000	 0.000000	 0.000000	 0.000000	 0.000000	 0.000000	
 CO2_STORAGE 	 0.000000	 0.000000	 0.000000	 0.000000	 0.000000	 0.000000	 0.000000	 0.000000	 0.000000	 0.000000	 0.000000	 0.000000	 0.000000	 0.000000	 0.000000	 0.000000	 0.000000	 0.000000	 0.000000	 0.000000	 0.000000	 0.000000	 0.000000	 0.000000	 0.000000	 0.000000	 0.000000	 0.000000	 0.000000	
 END_USES_DEMAND 	 10562.323200	 0.000000	 0.000000	 0.000000	 0.000000	 0.000000	 113833.289288	 0.000000	 0.000000	 0.000000	 0.000000	 1595.350900	 0.000000	 0.000000	 0.000000	 0.000000	 0.000000	 0.000000	 0.000000	 0.000000	 56713.300000	 44701.877436	 72281.001930	 79634.290021	 79634.289973	 23191.548983	 27829.858809	 41744.788151	 42854.425900	