TECHNOLOGIES	 c_inv	 c_maint	 lifetime	  f_min	 f	 f_max	 fmin_perc	f_perc	 fmax_perc	 c_p	 c_p_max	 tau	 gwp_constr
 UNITS	[M€/GW]	 [M€/GW/y]	 [y]	 [GW or GWh]	 [GW or GWh]	 [GW or GWh]	 [0-1]	 [0-1]	 [0-1]	 [0-1]	 [0-1]	 [-]	 [ktCO2-eq./GW or GWh]
PT_POWER_BLOCK	0.001916	0.000115	25.000000	0.000000	0.000002	10.000000	0.000000	0.000000	1.000000	0.011561	1.000000	0.048263	0.000000
ST_POWER_BLOCK	478.309188	47.830919	25.000000	0.000000	9.566184	10.000000	0.000000	0.136294	1.000000	0.999999	1.000000	0.048263	0.000000
HYDRO_DAM	4557.758728	22.786953	40.000000	0.000000	1.085000	1.085000	0.000000	0.015458	1.000000	1.000000	1.000000	0.033427	1836.774795
TIDAL	0.014971	0.000929	40.000000	0.000000	0.000005	0.070000	0.000000	0.000000	1.000000	0.049931	1.000000	0.033427	0.000000
WAVE	0.000000	0.000000	20.000000	0.000000	0.000000	0.000000	0.000000	0.000000	1.000000	0.000000	1.000000	0.058246	0.000000
NUCLEAR	0.000000	0.000000	60.000000	0.000000	0.000000	0.000000	0.000000	0.000000	1.000000	0.000000	0.849000	0.025393	0.000000
CCGT	0.001050	0.000027	25.000000	0.000000	0.000001	Infinity	0.000000	0.000000	1.000000	0.001437	0.961540	0.048263	0.000248
CCGT_AMMONIA	0.000911	0.000023	25.000000	0.000000	0.000001	Infinity	0.000000	0.000000	1.000000	0.000572	0.630000	0.048263	0.000215
COAL_US	0.000000	0.000000	35.000000	0.000000	0.000000	0.000000	0.000000	0.000000	1.000000	0.000000	0.868000	0.036934	0.000000
COAL_IGCC	0.000000	0.000000	35.000000	0.000000	0.000000	0.000000	0.000000	0.000000	1.000000	0.000000	0.856000	0.036934	0.000000
PV	136371.375358	1557.365657	25.000000	0.000000	144.000523	1217.000000	0.400000	0.400000	1.000000	0.194966	1.000000	0.048263	299727.008734
WIND_ONSHORE	132958.555368	1546.413420	30.000000	0.000000	125.386467	1000.000000	0.000000	0.448248	1.000000	0.250917	1.000000	0.041639	78096.960751
WIND_OFFSHORE	0.003216	0.000022	30.000000	0.000000	0.000001	20.000000	0.000000	0.000000	1.000000	0.002280	1.000000	0.041639	0.000394
HYDRO_RIVER	0.053668	0.000537	40.000000	0.000000	0.000011	3.000000	0.000000	0.000000	1.000000	0.083398	1.000000	0.033427	0.013434
GEOTHERMAL	0.002790	0.000052	30.000000	0.000000	0.000000	3.200000	0.000000	0.000000	1.000000	0.002718	0.950000	0.041639	0.009083
IND_COGEN_GAS	0.000806	0.000052	25.000000	0.000000	0.000001	Infinity	0.000000	0.000000	1.000000	0.001982	0.850000	0.048263	0.000573
IND_COGEN_WOOD	0.001112	0.000041	25.000000	0.000000	0.000001	Infinity	0.000000	0.000000	1.000000	0.003565	0.850000	0.048263	0.000166
IND_COGEN_WASTE	0.001223	0.000045	25.000000	0.000000	0.000000	Infinity	0.000000	0.000000	1.000000	0.001361	0.850000	0.048263	0.000262
IND_BOILER_GAS	78.358611	1.569948	17.000000	0.000000	1.330593	Infinity	0.000000	0.057067	1.000000	0.827086	0.950000	0.067080	16.392903
IND_BOILER_WOOD	0.019050	0.000381	17.000000	0.000000	0.000165	Infinity	0.000000	0.000003	1.000000	0.312106	0.900000	0.067080	0.004775
IND_BOILER_OIL	0.000716	0.000015	17.000000	0.000000	0.000013	Infinity	0.000000	0.000000	1.000000	0.003033	0.950000	0.067080	0.000161
IND_BOILER_COAL	1240.398517	24.807825	17.000000	0.000000	10.769218	Infinity	0.000000	0.169893	1.000000	0.304227	0.900000	0.067080	518.860918
IND_BOILER_WASTE	524.572141	10.491381	17.000000	0.000000	4.554368	Infinity	0.000000	0.067456	1.000000	0.285627	0.900000	0.067080	131.484613
IND_DIRECT_ELEC	6110.630792	27.720351	15.000000	0.000000	18.386685	Infinity	0.000000	0.705582	1.000000	0.740034	0.950000	0.074944	27.028427
DHN_HP_ELEC	6293.064901	213.395032	25.000000	0.000000	17.789583	Infinity	0.000000	1.000000	1.000000	0.513864	0.950000	0.048263	3109.441170
DHN_COGEN_GAS	0.002046	0.000060	25.000000	0.000000	0.000002	Infinity	0.000000	0.000000	1.000000	0.006168	0.850000	0.048263	0.000782
DHN_COGEN_WOOD	0.000822	0.000030	25.000000	0.000000	0.000001	Infinity	0.000000	0.000000	1.000000	0.001512	0.850000	0.048263	0.000123
DHN_COGEN_WASTE	0.001111	0.000041	25.000000	0.000000	0.000000	Infinity	0.000000	0.000000	1.000000	0.001005	0.850000	0.048263	0.000238
DHN_COGEN_WET_BIOMASS	0.000740	0.000060	25.000000	0.000000	0.000001	Infinity	0.000000	0.000000	1.000000	0.001851	0.750000	0.048263	0.000539
DHN_COGEN_BIO_HYDROLYSIS	0.000721	0.000035	15.000000	0.000000	0.000000	Infinity	0.000000	0.000000	1.000000	0.000555	0.850000	0.074944	0.000101
DHN_BOILER_GAS	0.000221	0.000004	17.000000	0.000000	0.000004	Infinity	0.000000	0.000000	1.000000	0.004048	0.950000	0.067080	0.000046
DHN_BOILER_WOOD	0.000385	0.000008	17.000000	0.000000	0.000003	Infinity	0.000000	0.000000	1.000000	0.004388	0.900000	0.067080	0.000097
DHN_BOILER_OIL	0.000167	0.000004	17.000000	0.000000	0.000003	Infinity	0.000000	0.000000	1.000000	0.001531	0.950000	0.067080	0.000038
DHN_DEEP_GEO	0.000000	0.000000	30.000000	0.000000	0.000000	0.000000	0.000000	0.000000	1.000000	0.000000	0.850000	0.041639	0.000000
DHN_SOLAR	0.000825	0.000001	30.000000	0.000000	0.000002	407.000000	0.000000	0.000000	1.000000	0.003538	1.000000	0.041639	0.000497
DEC_HP_ELEC	37218.383874	1551.797558	18.000000	0.000000	73.717287	Infinity	0.000000	0.999996	1.000000	0.288225	1.000000	0.063806	12155.243458
DEC_THHP_GAS	0.092984	0.002718	20.000000	0.000000	0.000287	Infinity	0.000000	0.000004	1.000000	0.287262	1.000000	0.058246	0.109636
DEC_COGEN_GAS	0.001178	0.000076	20.000000	0.000000	0.000001	Infinity	0.000000	0.000000	1.000000	0.001205	1.000000	0.058246	0.000837
DEC_COGEN_OIL	0.001010	0.000062	20.000000	0.000000	0.000001	Infinity	0.000000	0.000000	1.000000	0.000607	1.000000	0.058246	0.000775
DEC_ADVCOGEN_GAS	0.002183	0.000041	20.000000	0.000000	0.000000	Infinity	0.000000	0.000000	1.000000	0.000442	1.000000	0.058246	0.000616
DEC_ADVCOGEN_H2	0.001952	0.000036	20.000000	0.000000	0.000000	Infinity	0.000000	0.000000	1.000000	0.000320	1.000000	0.058246	0.000551
DEC_BOILER_GAS	0.001868	0.000056	17.000000	0.000000	0.000012	Infinity	0.000000	0.000000	1.000000	0.016294	1.000000	0.067080	0.000248
DEC_BOILER_WOOD	0.002266	0.000079	17.000000	0.000000	0.000005	Infinity	0.000000	0.000000	1.000000	0.007917	1.000000	0.067080	0.000103
DEC_BOILER_OIL	0.001055	0.000063	17.000000	0.000000	0.000007	Infinity	0.000000	0.000000	1.000000	0.002365	1.000000	0.067080	0.000156
DEC_SOLAR	0.017149	0.000190	20.000000	0.000000	0.000024	407.000000	0.000000	0.000000	1.000000	0.037730	1.000000	0.058246	0.005202
DEC_DIRECT_ELEC	0.001970	0.000009	15.000000	0.000000	0.000048	Infinity	0.000000	0.000000	1.000000	0.048327	1.000000	0.074944	0.000071
DEC_THHP_GAS_COLD	0.000000	0.000000	20.000000	0.000000	0.000000	0.000000	0.000000	0.000000	1.000000	0.000000	1.000000	0.058246	0.000000
DEC_ELEC_COLD	0.003549	0.000148	18.000000	0.000000	0.000007	Infinity	0.000000	1.000000	1.000000	0.057422	1.000000	0.063806	0.001107
TRAMWAY_TROLLEY	0.000005	0.000000	30.000000	0.000000	0.000000	Infinity	0.000000	0.000000	1.000000	0.000000	0.342470	0.041639	0.000000
BUS_COACH_DIESEL	0.000002	0.000000	15.000000	0.000000	0.000000	Infinity	0.000000	0.000000	1.000000	0.000000	0.296800	0.074944	0.000000
BUS_COACH_HYDIESEL	0.000003	0.000000	15.000000	0.000000	0.000000	Infinity	0.000000	0.000000	1.000000	0.000000	0.296800	0.074944	0.000000
BUS_COACH_CNG_STOICH	0.000002	0.000000	15.000000	0.000000	0.000000	Infinity	0.000000	0.000000	1.000000	0.000000	0.296800	0.074944	0.000000
BUS_COACH_FC_HYBRIDH2	0.000003	0.000000	15.000000	0.000000	0.000000	Infinity	0.000000	0.000000	1.000000	0.000000	0.296800	0.074944	0.000000
BUS_COACH_ELECTRIC	0.000003	0.000000	15.000000	0.000000	0.000000	Infinity	0.000000	0.000000	1.000000	0.000000	0.296800	0.074944	0.000000
TRAIN_PUB	0.000004	0.000000	40.000000	0.000000	0.000000	Infinity	0.000000	0.000000	1.000000	0.000000	0.275070	0.033427	0.000000
IND_ELEC_COLD	0.000004	0.000000	20.000000	0.000000	0.000000	Infinity	0.000000	0.000000	1.000000	0.000000	0.950000	0.058246	0.000001
TRAMWAY_TROLLEY	0.000005	0.000000	30.000000	0.000000	0.000000	Infinity	0.000000	0.000000	1.000000	0.000000	0.342470	0.041639	0.000000
BUS_COACH_DIESEL	0.000002	0.000000	15.000000	0.000000	0.000000	Infinity	0.000000	0.000000	1.000000	0.000000	0.296800	0.074944	0.000000
BUS_COACH_HYDIESEL	0.000003	0.000000	15.000000	0.000000	0.000000	Infinity	0.000000	0.000000	1.000000	0.000000	0.296800	0.074944	0.000000
BUS_COACH_CNG_STOICH	0.000002	0.000000	15.000000	0.000000	0.000000	Infinity	0.000000	0.000000	1.000000	0.000000	0.296800	0.074944	0.000000
BUS_COACH_FC_HYBRIDH2	0.000003	0.000000	15.000000	0.000000	0.000000	Infinity	0.000000	0.000000	1.000000	0.000000	0.296800	0.074944	0.000000
BUS_COACH_ELECTRIC	0.000003	0.000000	15.000000	0.000000	0.000000	Infinity	0.000000	0.000000	1.000000	0.000000	0.296800	0.074944	0.000000
TRAIN_PUB	0.000004	0.000000	40.000000	0.000000	0.000000	Infinity	0.000000	0.000000	1.000000	0.000000	0.275070	0.033427	0.000000
TRAMWAY_TROLLEY	0.000005	0.000000	30.000000	0.000000	0.000000	Infinity	0.000000	0.000000	1.000000	0.000000	0.342470	0.041639	0.000000
BUS_COACH_DIESEL	0.000002	0.000000	15.000000	0.000000	0.000000	Infinity	0.000000	0.000000	1.000000	0.000000	0.296800	0.074944	0.000000
BUS_COACH_HYDIESEL	0.000003	0.000000	15.000000	0.000000	0.000000	Infinity	0.000000	0.000000	1.000000	0.000000	0.296800	0.074944	0.000000
BUS_COACH_CNG_STOICH	0.000002	0.000000	15.000000	0.000000	0.000000	Infinity	0.000000	0.000000	1.000000	0.000000	0.296800	0.074944	0.000000
BUS_COACH_FC_HYBRIDH2	0.000003	0.000000	15.000000	0.000000	0.000000	Infinity	0.000000	0.000000	1.000000	0.000000	0.296800	0.074944	0.000000
BUS_COACH_ELECTRIC	0.000003	0.000000	15.000000	0.000000	0.000000	Infinity	0.000000	0.000000	1.000000	0.000000	0.296800	0.074944	0.000000
TRAIN_PUB	0.000004	0.000000	40.000000	0.000000	0.000000	Infinity	0.000000	0.000000	1.000000	0.000000	0.275070	0.033427	0.000000
CAR_GASOLINE	0.000301	0.000017	10.000000	0.000000	0.000001	Infinity	0.000000	0.000000	1.000000	0.000361	0.051370	0.108434	0.000000
CAR_DIESEL	0.000096	0.000005	10.000000	0.000000	0.000000	Infinity	0.000000	0.000000	1.000000	0.000114	0.051370	0.108434	0.000000
CAR_NG	0.000685	0.000039	10.000000	0.000000	0.000002	Infinity	0.000000	0.000000	1.000000	0.000809	0.051370	0.108434	0.000000
CAR_METHANOL	0.000094	0.000005	10.000000	0.000000	0.000000	Infinity	0.000000	0.000000	1.000000	0.000115	0.051370	0.108434	0.000000
CAR_HEV	0.000228	0.000018	10.000000	0.000000	0.000001	Infinity	0.000000	0.000000	1.000000	0.000194	0.051370	0.108434	0.000000
CAR_PHEV	0.032497	0.002406	10.000000	0.000000	0.000071	Infinity	0.000000	0.000000	1.000000	0.019789	0.051370	0.108434	0.000000
CAR_BEV	654330.734253	14688.547697	10.000000	0.000000	1468.854770	Infinity	0.000000	1.000000	1.000000	0.051370	0.051370	0.108434	0.000000
CAR_FUEL_CELL	0.000036	0.000000	10.000000	0.000000	0.000000	Infinity	0.000000	0.000000	1.000000	0.000000	0.051370	0.108434	0.000000
TRAIN_FREIGHT	2617.658638	52.350959	40.000000	0.000000	25.068556	Infinity	0.000000	1.000000	1.000000	0.342470	0.342470	0.033427	0.000000
BOAT_FREIGHT_DIESEL	0.000540	0.000027	40.000000	0.000000	0.000007	Infinity	0.000000	0.000000	1.000000	0.008073	0.114160	0.033427	0.000000
BOAT_FREIGHT_NG	1140.836035	57.447065	40.000000	0.000000	15.040686	Infinity	0.000000	0.999999	1.000000	0.114160	0.114160	0.033427	0.000000
BOAT_FREIGHT_METHANOL	0.000109	0.000005	40.000000	0.000000	0.000001	Infinity	0.000000	0.000000	1.000000	0.001615	0.114160	0.033427	0.000000
TRUCK_DIESEL	0.007869	0.000397	15.000000	0.000000	0.000021	Infinity	0.000000	0.000000	1.000000	0.019793	0.092590	0.074944	0.000000
TRUCK_METHANOL	0.000106	0.000005	15.000000	0.000000	0.000000	Infinity	0.000000	0.000000	1.000000	0.000097	0.092590	0.074944	0.000000
TRUCK_FUEL_CELL	105153.130446	3132.802761	15.000000	0.000000	259.624538	Infinity	0.000000	1.000000	1.000000	0.092590	0.092590	0.074944	0.000000
TRUCK_ELEC	0.000097	0.000003	15.000000	0.000000	0.000000	Infinity	0.000000	0.000000	1.000000	0.000112	0.092590	0.074944	0.000000
TRUCK_NG	0.006096	0.000307	15.000000	0.000000	0.000017	Infinity	0.000000	0.000000	1.000000	0.015245	0.092590	0.074944	0.000000
HABER_BOSCH	933.846225	18.257957	20.000000	0.000000	1.075686	Infinity	0.000000	1.000000	1.000000	0.999997	1.000000	0.058246	0.000000
OIL_TO_HVC	0.001183	0.000006	20.000000	0.000000	0.000003	Infinity	0.000000	0.000000	1.000000	0.001856	1.000000	0.058246	0.000000
GAS_TO_HVC	0.000867	0.000022	20.000000	0.000000	0.000001	Infinity	0.000000	0.000000	1.000000	0.001113	1.000000	0.058246	0.000000
METHANOL_TO_HVC	3112.254135	280.103264	20.000000	0.000000	4.355239	Infinity	0.000000	1.000000	1.000000	1.000000	1.000000	0.058246	0.000000
ADLIBIO_TO_HVC	0.000809	0.000012	20.000000	0.000000	0.000001	Infinity	0.000000	0.000000	1.000000	0.000477	1.000000	0.058246	0.000772
SYN_METHANOLATION	0.001605	0.000046	20.000000	0.000000	0.000001	Infinity	0.000000	0.333656	1.000000	0.002883	0.950000	0.058246	0.000000
METHANE_TO_METHANOL	0.001436	0.000063	25.000000	0.000000	0.000001	Infinity	0.000000	0.454672	1.000000	0.003928	0.850000	0.048263	0.000000
BIOMASS_TO_METHANOL	0.001260	0.000019	20.000000	0.000000	0.000000	Infinity	0.000000	0.211672	1.000000	0.001829	1.000000	0.058246	0.000000
DAM_STORAGE	0.000000	0.000000	1.000000	0.000000	8192.000000	8192.000000	0.000000	-1.000000	1.000000	0.001531	1.000000	1.015000	
PHS	588.248088	0.000000	50.000000	10.000000	10.004219	50.000000	0.000000	-1.000000	1.000000	0.000114	1.000000	0.028572	
BATT_LI	0.003676	0.000006	15.000000	0.000000	0.000010	Infinity	0.000000	-1.000000	1.000000	0.000211	1.000000	0.074944	
BEV_BATT	0.000000	0.000000	1.000000	0.000000	1457.197192	Infinity	0.000000	-1.000000	1.000000	0.002739	1.000000	1.015000	
PHEV_BATT	0.000000	0.000000	1.000000	0.000000	0.000014	Infinity	0.000000	-1.000000	1.000000	0.001002	1.000000	1.015000	
TS_DEC_DIRECT_ELEC	0.003787	0.000027	20.000000	0.000000	0.000200	Infinity	0.000000	-1.000000	1.000000	0.006401	1.000000	0.058246	
TS_DEC_HP_ELEC	2962.997814	20.742968	20.000000	0.000000	156.193875	Infinity	0.000000	-1.000000	1.000000	0.034438	1.000000	0.058246	
TS_DEC_THHP_GAS	0.011743	0.000082	20.000000	0.000000	0.000619	Infinity	0.000000	-1.000000	1.000000	0.030518	1.000000	0.058246	
TS_DEC_COGEN_GAS	0.003767	0.000026	20.000000	0.000000	0.000199	Infinity	0.000000	-1.000000	1.000000	0.001311	1.000000	0.058246	
TS_DEC_COGEN_OIL	0.003764	0.000026	20.000000	0.000000	0.000198	Infinity	0.000000	-1.000000	1.000000	0.001173	1.000000	0.058246	
TS_DEC_ADVCOGEN_GAS	0.003710	0.000026	20.000000	0.000000	0.000196	Infinity	0.000000	-1.000000	1.000000	0.000889	1.000000	0.058246	
TS_DEC_ADVCOGEN_H2	0.003697	0.000026	20.000000	0.000000	0.000195	Infinity	0.000000	-1.000000	1.000000	0.000775	1.000000	0.058246	
TS_DEC_BOILER_GAS	0.003740	0.000026	20.000000	0.000000	0.000197	Infinity	0.000000	-1.000000	1.000000	0.003531	1.000000	0.058246	
TS_DEC_BOILER_WOOD	0.003750	0.000026	20.000000	0.000000	0.000198	Infinity	0.000000	-1.000000	1.000000	0.002162	1.000000	0.058246	
TS_DEC_BOILER_OIL	0.003750	0.000026	20.000000	0.000000	0.000198	Infinity	0.000000	-1.000000	1.000000	0.001428	1.000000	0.058246	
TS_DHN_DAILY	0.006674	0.000019	40.000000	0.000000	0.002225	Infinity	0.000000	-1.000000	1.000000	0.001009	1.000000	0.033427	
TS_DHN_SEASONAL	1849.308678	10.087138	25.000000	0.000000	3362.379414	Infinity	0.000000	-1.000000	1.000000	0.000931	1.000000	0.048263	
TS_HIGH_TEMP	0.005257	0.000056	25.000000	0.000000	0.000188	Infinity	0.000000	-1.000000	1.000000	0.015887	1.000000	0.048263	
GAS_STORAGE	0.011749	0.000308	50.000000	0.000000	0.234985	Infinity	0.000000	-1.000000	1.000000	0.000105	1.000000	0.028572	
H2_STORAGE	0.026937	0.001697	20.000000	0.000000	0.004352	Infinity	0.000000	-1.000000	1.000000	0.000123	1.000000	0.058246	
DIESEL_STORAGE	0.015995	0.000635	20.000000	0.000000	1.599538	10.000000	0.000000	-1.000000	1.000000	0.000000	1.000000	0.058246	
GASOLINE_STORAGE	0.014204	0.000564	20.000000	0.000000	1.420397	10.000000	0.000000	-1.000000	1.000000	0.000000	1.000000	0.058246	
LFO_STORAGE	0.010644	0.000423	20.000000	0.000000	1.064424	10.000000	0.000000	-1.000000	1.000000	0.000000	1.000000	0.058246	
AMMONIA_STORAGE	0.000423	0.000017	20.000000	0.000000	0.042344	Infinity	0.000000	-1.000000	1.000000	0.000039	1.000000	0.058246	
METHANOL_STORAGE	0.000019	0.000001	20.000000	0.000000	0.001862	Infinity	0.000000	-1.000000	1.000000	0.000157	1.000000	0.058246	
CO2_STORAGE	0.066894	0.000669	30.000000	0.000000	0.001351	Infinity	0.000000	-1.000000	1.000000	0.000013	1.000000	0.041639	
PT_STORAGE	0.000000	0.000000	25.000000	0.000000	0.000000	0.000000	0.000000	-1.000000	1.000000	0.000000	1.000000	0.048263	
ST_STORAGE	0.000000	0.000000	25.000000	0.000000	0.000000	0.000000	0.000000	-1.000000	1.000000	0.000000	1.000000	0.048263	
TS_COLD	0.038537	0.000462	20.000000	0.000000	0.001541	Infinity	0.000000	-1.000000	1.000000	0.003352	1.000000	0.058246	
CAES	0.067530	0.005515	50.000000	0.000000	0.001734	10.000000	0.000000	-1.000000	1.000000	0.000026	1.000000	0.028572	
ADLIBIO_TO_FUEL	0.000898	0.000014	20.000000	0.000000	0.000001	Infinity	0.000000	-1.000000	1.000000	0.000529	1.000000	0.058246	
AMMONIA_TO_H2	0.000473	0.000044	25.000000	0.000000	0.000001	Infinity	0.000000	-1.000000	1.000000	0.000887	0.860000	0.048263	
ATM_CCS	0.001820	0.000045	40.000000	0.000000	0.000000	Infinity	0.000000	-1.000000	1.000000	0.001134	1.000000	0.033427	
BIO_HYDROLYSIS	0.002146	0.000146	15.000000	0.000000	0.000001	Infinity	0.000000	-1.000000	1.000000	0.011063	0.850000	0.074944	
BIOMETHANATION	1671.703976	23.157002	20.000000	0.000000	1.654072	Infinity	0.000000	-1.000000	1.000000	0.850000	0.850000	0.058246	
DHN	15028.343466	0.000000	60.000000	0.000000	18.196764	Infinity	0.000000	-1.000000	1.000000	0.000000	1.000000	0.025393	
EFFICIENCY	5517.241379	0.000000	1.000000	0.000000	0.985222	Infinity	0.000000	-1.000000	1.000000	0.000000	1.000000	1.015000	
GASIFICATION_SNG	0.000850	0.000060	25.000000	0.000000	0.000000	Infinity	0.000000	-1.000000	1.000000	0.001532	0.850000	0.048263	
GRID	173999.595051	0.000000	80.000000	0.000000	2.322501	Infinity	0.000000	-1.000000	1.000000	0.000000	1.000000	0.021548	
H2_BIOMASS	0.002733	0.000193	25.000000	0.000000	0.000001	Infinity	0.000000	-1.000000	1.000000	0.006431	0.860000	0.048263	
H2_ELECTROLYSIS	10519.242217	289.280559	15.000000	0.000000	13.850403	Infinity	0.000000	-1.000000	1.000000	0.900000	0.900000	0.074944	
INDUSTRY_CCS	0.001346	0.000033	40.000000	0.000000	0.000001	Infinity	0.000000	-1.000000	1.000000	0.000554	1.000000	0.033427	
REDIFUEL	0.001293	0.000034	20.000000	0.000000	0.000000	Infinity	0.000000	-1.000000	1.000000	0.000560	1.000000	0.058246	
SMR	0.001628	0.000150	25.000000	0.000000	0.000002	Infinity	0.000000	-1.000000	1.000000	0.016598	0.860000	0.048263	
SYN_METHANATION	0.000340	0.000087	40.000000	0.000000	0.000001	Infinity	0.000000	-1.000000	1.000000	0.004619	1.000000	0.033427	
PT_COLLECTOR	0.003316	0.000199	25.000000	0.000000	0.000003	20.000000	0.000000	-1.000000	1.000000	0.026855	1.000000	0.048263	
ST_COLLECTOR	1000.000000	100.000000	25.000000	0.000000	20.000000	20.000000	0.000000	-1.000000	1.000000	1.000000	1.000000	0.048263	