Name	LCA_tech	LCA_res	LCA_op
NUCLEAR	0.000000	0.000000	0.000000
CCGT	0.000054	0.000000	0.021565
CCGT_AMMONIA	16.977550	0.000000	39.264846
COAL_US	0.000000	0.000000	0.000000
COAL_IGCC	0.000000	0.000000	0.000000
PV	1314.504008	0.000000	0.000000
WIND_ONSHORE	133.608580	0.000000	2.324213
WIND_OFFSHORE	118.263260	0.000000	3.385968
HYDRO_RIVER	3.051277	0.000000	0.010093
GEOTHERMAL	0.000000	0.000000	0.000000
IND_COGEN_GAS	0.000005	0.000000	0.000515
IND_COGEN_WOOD	27.433872	0.000000	15080.030549
IND_COGEN_WASTE	0.000003	0.000000	0.000432
IND_BOILER_GAS	0.182883	0.000000	55.592502
IND_BOILER_WOOD	0.000016	0.000000	0.000526
IND_BOILER_OIL	0.000004	0.000000	0.000090
IND_BOILER_COAL	18.942016	0.000000	11107.878439
IND_BOILER_WASTE	9.409727	0.000000	4904.500316
IND_DIRECT_ELEC	0.948872	0.000000	0.000000
DHN_HP_ELEC	35.144407	0.000000	464.674072
DHN_COGEN_GAS	9.333749	0.000000	4081.423468
DHN_COGEN_WOOD	0.000002	0.000000	0.000800
DHN_COGEN_WASTE	0.000006	0.000000	0.000327
DHN_COGEN_WET_BIOMASS	0.000031	0.000000	0.000294
DHN_COGEN_BIO_HYDROLYSIS	0.000001	0.000000	0.000312
DHN_BOILER_GAS	0.000001	0.000000	0.000079
DHN_BOILER_WOOD	0.000005	0.000000	0.000270
DHN_BOILER_OIL	0.000001	0.000000	0.000073
DHN_DEEP_GEO	0.000000	0.000000	0.000000
DHN_SOLAR	0.000009	0.000000	0.000000
DEC_HP_ELEC	133.021842	0.000000	1352.774190
DEC_THHP_GAS	0.000062	0.000000	0.001040
DEC_COGEN_GAS	0.000021	0.000000	0.000928
DEC_COGEN_OIL	0.000013	0.000000	0.000203
DEC_ADVCOGEN_GAS	0.000026	0.000000	0.001681
DEC_ADVCOGEN_H2	6.605369	0.000000	2.594326
DEC_BOILER_GAS	0.000008	0.000000	0.000075
DEC_BOILER_WOOD	0.000024	0.000000	0.000744
DEC_BOILER_OIL	0.000008	0.000000	0.000090
DEC_SOLAR	0.000026	0.000000	0.000000
DEC_DIRECT_ELEC	0.000001	0.000000	0.000000
TRAMWAY_TROLLEY	6.777617	0.000000	0.000000
BUS_COACH_DIESEL	0.000006	0.000000	0.000091
BUS_COACH_HYDIESEL	70.395542	0.000000	845.386055
BUS_COACH_CNG_STOICH	0.000002	0.000000	0.000030
BUS_COACH_FC_HYBRIDH2	0.000005	0.000000	0.000003
BUS_COACH_ELECTRIC	0.000006	0.000000	0.000002
TRAIN_PUB	20.546125	0.000000	4.412859
CAR_GASOLINE	484.315497	0.000000	0.001158
CAR_DIESEL	0.000000	0.000000	0.000000
CAR_NG	0.000000	0.000000	0.000000
CAR_METHANOL	0.000000	0.000000	0.000000
CAR_HEV	0.000001	0.000000	0.000003
CAR_PHEV	0.000730	0.000000	0.000367
CAR_BEV	4081.681650	0.000000	648.226288
CAR_FUEL_CELL	0.000013	0.000000	0.000001
TRAIN_FREIGHT	28.944183	0.000000	48.205784
BOAT_FREIGHT_DIESEL	0.000003	0.000000	0.000122
BOAT_FREIGHT_NG	0.000000	0.000000	0.000012
BOAT_FREIGHT_METHANOL	19.784961	0.000000	844.686151
TRUCK_DIESEL	0.000004	0.000000	0.000050
TRUCK_METHANOL	0.000009	0.000000	0.000119
TRUCK_FUEL_CELL	730.108029	0.000000	13.022191
TRUCK_ELEC	0.000010	0.000000	0.000000
TRUCK_NG	0.000002	0.000000	0.000021
HABER_BOSCH	0.000053	0.000000	0.000000
SYN_METHANOLATION	0.000024	0.000000	0.000002
METHANE_TO_METHANOL	0.000044	0.000000	0.000002
BIOMASS_TO_METHANOL	0.000026	0.000000	0.000293
ADLIBIO_TO_HVC	0.000006	0.000000	0.000011
OIL_TO_HVC	0.000060	0.000000	0.000046
GAS_TO_HVC	0.000022	0.000000	0.000064
METHANOL_TO_HVC	199.452291	0.000000	0.000000
PHS	0.158034	0.000000	0.000000
BATT_LI	178.827955	0.000000	0.000000
BEV_BATT	13487.494478	0.000000	0.000000
PHEV_BATT	0.000599	0.000000	0.000000
TS_DEC_DIRECT_ELEC	0.000027	0.000000	0.000000
TS_DEC_HP_ELEC	20.500629	0.000000	0.000000
TS_DEC_THHP_GAS	0.000028	0.000000	0.000000
TS_DEC_COGEN_GAS	0.000027	0.000000	0.000000
TS_DEC_COGEN_OIL	0.000028	0.000000	0.000000
TS_DEC_ADVCOGEN_GAS	0.000033	0.000000	0.000000
TS_DEC_ADVCOGEN_H2	0.165038	0.000000	0.000000
TS_DEC_BOILER_GAS	0.000027	0.000000	0.000000
TS_DEC_BOILER_WOOD	0.000028	0.000000	0.000000
TS_DEC_BOILER_OIL	0.000027	0.000000	0.000000
TS_DHN_DAILY	0.000204	0.000000	0.000000
TS_DHN_SEASONAL	201.507461	0.000000	0.000000
TS_HIGH_TEMP	9.466072	0.000000	0.000000
GAS_STORAGE	0.051425	0.000000	0.000000
H2_STORAGE	0.034517	0.000000	0.000000
DIESEL_STORAGE	0.001033	0.000000	0.000000
GASOLINE_STORAGE	0.001350	0.000000	0.000000
LFO_STORAGE	0.001155	0.000000	0.000000
AMMONIA_STORAGE	0.015463	0.000000	0.000000
METHANOL_STORAGE	0.011669	0.000000	0.000000
CO2_STORAGE	0.011010	0.000000	0.000000
AMMONIA_TO_H2	0.000009	0.000000	0.000000
ATM_CCS	0.000003	0.000000	-0.000014
BIO_HYDROLYSIS	14.583166	0.000000	10124.547954
BIOMETHANATION	0.000079	0.000000	0.000297
DHN	0.000000	0.000000	0.000000
EFFICIENCY	0.000000	0.000000	0.000000
GASIFICATION_SNG	3.122572	0.000000	2493.090831
GRID	23.918573	0.000000	0.000000
H2_BIOMASS	7.471038	0.000000	4.921461
H2_ELECTROLYSIS	17.033848	0.000000	0.130214
INDUSTRY_CCS	0.000000	0.000000	-0.000563
SMR	0.000000	0.000000	0.000403
SYN_METHANATION	0.000002	0.000000	0.000000
ADLIBIO_TO_FUEL	105.788660	0.000000	0.000158
REDIFUEL	0.000012	0.000000	0.000333
ELECTRICITY	0.000000	1100.975815	0.000000
GASOLINE	0.000000	0.000000	0.000000
DIESEL	0.000000	0.000000	0.000000
BIOETHANOL	0.000000	0.000000	0.000000
BIODIESEL	0.000000	-293.788220	0.000000
BIODIESEL_BE	0.000000	0.000000	0.000000
LFO	0.000000	0.000000	0.000000
LFO_RE_BE	0.000000	0.000000	0.000000
GAS	0.000000	0.000000	0.000000
GAS_RE_IMPORT	0.000000	-362.936619	0.000000
GAS_RE_BE	0.000000	0.000000	0.000000
WOOD	0.000000	-7496.766835	0.000000
WOOD_PRODUCTION	0.000000	-23943.479868	0.000000
WET_BIOMASS	0.000000	-16198.313017	0.000000
COAL	0.000000	1264.284588	0.000000
URANIUM	0.000000	0.000000	0.000000
WASTE	0.000000	0.000000	0.000000
H2	0.000000	0.000000	0.000000
H2_RE_IMPORT	0.000000	160.343545	0.000000
H2_RE_BE	0.000000	0.000000	0.000000
AMMONIA	0.000000	16891.360204	0.000000
METHANOL	0.000000	4217.603579	0.000000
AMMONIA_RE_IMPORT	0.000000	0.000099	0.000000
AMMONIA_RE_BE	0.000000	0.000000	0.000000
METHANOL_RE_IMPORT	0.000000	-0.000034	0.000000
METHANOL_RE_BE	0.000000	0.000000	0.000000
ELEC_EXPORT	0.000000	0.000000	0.000000
CO2_EMISSIONS	0.000000	0.000000	0.000000
RES_WIND	0.000000	0.000000	0.000000
RES_SOLAR	0.000000	0.000000	0.000000
RES_HYDRO	0.000000	0.000000	0.000000
RES_GEO	0.000000	0.000000	0.000000
CO2_ATM	0.000000	0.000000	0.000000
CO2_INDUSTRY	0.000000	0.000000	0.000000
CO2_CAPTURED	0.000000	0.000000	0.000000
