Name	LCA_tech	LCA_res	LCA_op
NUCLEAR	0.000000	0.000000	0.000000
CCGT	0.000021	0.000000	0.003897
CCGT_AMMONIA	0.000005	0.000000	0.000002
COAL_US	0.000000	0.000000	0.000000
COAL_IGCC	0.000000	0.000000	0.000000
PV	1084.427922	0.000000	0.000000
WIND_ONSHORE	133.608578	0.000000	2.127236
WIND_OFFSHORE	118.263255	0.000000	3.022459
HYDRO_RIVER	3.051277	0.000000	0.009985
GEOTHERMAL	0.000000	0.000000	0.000000
IND_COGEN_GAS	59.049536	0.000000	12541.727769
IND_COGEN_WOOD	0.000000	0.000000	0.001327
IND_COGEN_WASTE	0.000002	0.000000	0.000421
IND_BOILER_GAS	5.591720	0.000000	3611.039099
IND_BOILER_WOOD	0.000013	0.000000	0.001135
IND_BOILER_OIL	0.000003	0.000000	0.000660
IND_BOILER_COAL	0.000022	0.000000	0.001180
IND_BOILER_WASTE	11.973169	0.000000	4904.493319
IND_DIRECT_ELEC	0.123383	0.000000	0.000000
DHN_HP_ELEC	29.099784	0.000000	429.349557
DHN_COGEN_GAS	14.192957	0.000000	5710.870243
DHN_COGEN_WOOD	0.000000	0.000000	0.000607
DHN_COGEN_WASTE	0.000001	0.000000	0.000369
DHN_COGEN_WET_BIOMASS	0.000032	0.000000	0.001963
DHN_COGEN_BIO_HYDROLYSIS	0.000000	0.000000	0.000385
DHN_BOILER_GAS	0.000001	0.000000	0.000209
DHN_BOILER_WOOD	0.000004	0.000000	0.000463
DHN_BOILER_OIL	0.000000	0.000000	0.000277
DHN_DEEP_GEO	0.000000	0.000000	0.000000
DHN_SOLAR	0.000021	0.000000	0.000000
DEC_HP_ELEC	132.957250	0.000000	1351.952621
DEC_THHP_GAS	0.000760	0.000000	0.025584
DEC_COGEN_GAS	0.000016	0.000000	0.000993
DEC_COGEN_OIL	0.000044	0.000000	0.001568
DEC_ADVCOGEN_GAS	0.000011	0.000000	0.000783
DEC_ADVCOGEN_H2	0.000002	0.000000	0.000003
DEC_BOILER_GAS	0.000022	0.000000	0.000487
DEC_BOILER_WOOD	0.000006	0.000000	0.000907
DEC_BOILER_OIL	0.000007	0.000000	0.000535
DEC_SOLAR	0.000197	0.000000	0.000000
DEC_DIRECT_ELEC	0.000002	0.000000	0.000000
TRAMWAY_TROLLEY	6.777616	0.000000	0.000000
BUS_COACH_DIESEL	0.000002	0.000000	0.000033
BUS_COACH_HYDIESEL	0.000001	0.000000	0.000034
BUS_COACH_CNG_STOICH	70.532518	0.000000	1113.871303
BUS_COACH_FC_HYBRIDH2	0.000002	0.000000	0.000008
BUS_COACH_ELECTRIC	0.000010	0.000000	0.000012
TRAIN_PUB	20.546125	0.000000	4.412860
CAR_GASOLINE	271.221276	0.000000	1069.979756
CAR_DIESEL	0.000002	0.000000	0.000018
CAR_NG	0.000003	0.000000	0.000016
CAR_METHANOL	0.000002	0.000000	0.000021
CAR_HEV	0.000002	0.000000	0.000018
CAR_PHEV	0.000984	0.000000	0.000544
CAR_BEV	3673.513427	0.000000	583.403648
CAR_FUEL_CELL	0.000004	0.000000	0.000002
TRAIN_FREIGHT	28.944182	0.000000	48.205784
BOAT_FREIGHT_DIESEL	0.000000	0.000000	0.000009
BOAT_FREIGHT_NG	0.000002	0.000000	0.000116
BOAT_FREIGHT_METHANOL	19.784963	0.000000	857.363938
TRUCK_DIESEL	214.551596	0.000000	2499.175273
TRUCK_METHANOL	0.000003	0.000000	0.000061
TRUCK_FUEL_CELL	0.000051	0.000000	0.000002
TRUCK_ELEC	367.228752	0.000000	7.032001
TRUCK_NG	0.000001	0.000000	0.000018
HABER_BOSCH	0.000114	0.000000	0.000006
SYN_METHANOLATION	0.000000	0.000000	0.000003
METHANE_TO_METHANOL	0.000002	0.000000	0.000009
BIOMASS_TO_METHANOL	0.000009	0.000000	0.000305
OIL_TO_HVC	0.000431	0.000000	0.001868
GAS_TO_HVC	7.079513	0.000000	36.180946
METHANOL_TO_HVC	189.537281	0.000000	0.000000
ADLIBIO_TO_HVC	9.915047	0.000000	495.592422
PHS	546.175500	0.000000	0.000000
BATT_LI	0.000077	0.000000	0.000000
BEV_BATT	0.000000	0.000000	0.000000
PHEV_BATT	0.000807	0.000000	0.000000
TS_DEC_DIRECT_ELEC	0.000041	0.000000	0.000000
TS_DEC_HP_ELEC	17.169988	0.000000	0.000000
TS_DEC_THHP_GAS	0.000048	0.000000	0.000000
TS_DEC_COGEN_GAS	0.000041	0.000000	0.000000
TS_DEC_COGEN_OIL	0.000041	0.000000	0.000000
TS_DEC_ADVCOGEN_GAS	0.000041	0.000000	0.000000
TS_DEC_ADVCOGEN_H2	0.000041	0.000000	0.000000
TS_DEC_BOILER_GAS	0.000041	0.000000	0.000000
TS_DEC_BOILER_WOOD	0.000040	0.000000	0.000000
TS_DEC_BOILER_OIL	0.000041	0.000000	0.000000
TS_DHN_DAILY	0.000261	0.000000	0.000000
TS_DHN_SEASONAL	160.090017	0.000000	0.000000
TS_HIGH_TEMP	8.739091	0.000000	0.000000
GAS_STORAGE	262.923402	0.000000	0.000000
H2_STORAGE	0.001493	0.000000	0.000000
DIESEL_STORAGE	0.002119	0.000000	0.000000
GASOLINE_STORAGE	0.527720	0.000000	0.000000
LFO_STORAGE	0.001903	0.000000	0.000000
AMMONIA_STORAGE	0.010585	0.000000	0.000000
METHANOL_STORAGE	0.009708	0.000000	0.000000
CO2_STORAGE	0.000520	0.000000	0.000000
ADLIBIO_TO_FUEL	22.646799	0.000000	116.811669
AMMONIA_TO_H2	0.000005	0.000000	0.000000
ATM_CCS	0.000004	0.000000	-0.000215
BIO_HYDROLYSIS	14.201374	0.000000	10000.568680
BIOMETHANATION	3.105617	0.000000	119.979946
DHN	0.000000	0.000000	0.000000
EFFICIENCY	0.000000	0.000000	0.000000
GASIFICATION_SNG	0.000000	0.000000	0.000361
GRID	23.030229	0.000000	0.000000
H2_BIOMASS	2.334156	0.000000	1.537599
H2_ELECTROLYSIS	0.853249	0.000000	0.013797
INDUSTRY_CCS	0.000000	0.000000	0.000086
REDIFUEL	0.000002	0.000000	0.000243
SMR	0.000000	0.000000	0.003319
SYN_METHANATION	0.000001	0.000000	0.000000
AMMONIA	0.000000	-0.018846	0.000000
AMMONIA_RE_BE	0.000000	0.000000	0.000000
AMMONIA_RE_IMPORT	0.000000	773.351847	0.000000
BIODIESEL	0.000000	-0.000050	0.000000
BIODIESEL_BE	0.000000	0.000000	0.000000
BIOETHANOL	0.000000	-0.000020	0.000000
CO2_ATM	0.000000	0.000000	0.000000
CO2_CAPTURED	0.000000	0.000000	0.000000
CO2_EMISSIONS	0.000000	0.000000	0.000000
CO2_INDUSTRY	0.000000	0.000000	0.000000
COAL	0.000000	0.000134	0.000000
DIESEL	0.000000	331.453113	0.000000
ELEC_EXPORT	0.000000	0.000000	0.000000
ELECTRICITY	0.000000	1100.911978	0.000000
GAS	0.000000	6421.759078	0.000000
GAS_RE_BE	0.000000	0.000000	0.000000
GAS_RE_IMPORT	0.000000	-0.000000	0.000000
GASOLINE	0.000000	0.000056	0.000000
H2	0.000000	0.000002	0.000000
H2_RE_BE	0.000000	0.000000	0.000000
H2_RE_IMPORT	0.000000	0.000497	0.000000
LFO	0.000000	0.000289	0.000000
LFO_RE_BE	0.000000	0.000000	0.000000
METHANOL	0.000000	4025.075520	0.000000
METHANOL_RE_BE	0.000000	0.000000	0.000000
METHANOL_RE_IMPORT	0.000000	-0.000022	0.000000
RES_GEO	0.000000	0.000000	0.000000
RES_HYDRO	0.000000	0.000000	0.000000
RES_SOLAR	0.000000	0.000000	0.000000
RES_WIND	0.000000	0.000000	0.000000
URANIUM	0.000000	0.000000	0.000000
WASTE	0.000000	0.000000	0.000000
WET_BIOMASS	0.000000	-16198.328056	0.000000
WOOD	0.000000	-7496.776164	0.000000
WOOD_PRODUCTION	0.000000	-0.000882	0.000000
