Name	Crit_2_tech	Crit_2_res	Crit_2_op
NUCLEAR	0.000000	0.000000	0.000000
CCGT	0.000129	0.000000	-0.002630
CCGT_AMMONIA	0.000066	0.000000	0.000002
COAL_US	0.000000	0.000000	0.000000
COAL_IGCC	0.000000	0.000000	0.000000
PV	7255.622766	0.000000	0.000000
WIND_ONSHORE	3347.582866	0.000000	87.790929
WIND_OFFSHORE	1078.850442	0.000000	122.986030
HYDRO_RIVER	36.234858	0.000000	-7.738584
GEOTHERMAL	0.000000	0.000000	0.000000
IND_COGEN_GAS	802.067112	0.000000	1266.872621
IND_COGEN_WOOD	0.000172	0.000000	0.000037
IND_COGEN_WASTE	0.000034	0.000000	0.000022
IND_BOILER_GAS	35.780074	0.000000	0.000000
IND_BOILER_WOOD	0.001172	0.000000	0.000034
IND_BOILER_OIL	0.000050	0.000000	0.000000
IND_BOILER_COAL	0.001469	0.000000	0.000202
IND_BOILER_WASTE	91.430976	0.000000	69.786070
IND_DIRECT_ELEC	0.000005	0.000000	0.000000
DHN_HP_ELEC	184.550275	0.000000	12.500337
DHN_COGEN_GAS	0.000200	0.000000	0.000271
DHN_COGEN_WOOD	0.000034	0.000000	0.000006
DHN_COGEN_WASTE	0.000083	0.000000	0.000018
DHN_COGEN_WET_BIOMASS	0.002005	0.000000	0.000567
DHN_COGEN_BIO_HYDROLYSIS	0.000102	0.000000	0.000697
DHN_BOILER_GAS	0.000018	0.000000	0.000000
DHN_BOILER_WOOD	0.000121	0.000000	0.000002
DHN_BOILER_OIL	0.000008	0.000000	0.000000
DHN_DEEP_GEO	0.000000	0.000000	0.000000
DHN_SOLAR	0.000854	0.000000	0.000000
DEC_HP_ELEC	314.735047	0.000000	13.259394
DEC_THHP_GAS	1356.902051	0.000000	0.000000
DEC_COGEN_GAS	0.000214	0.000000	0.000074
DEC_COGEN_OIL	0.000176	0.000000	0.000005
DEC_ADVCOGEN_GAS	0.000324	0.000000	0.000218
DEC_ADVCOGEN_H2	0.000285	0.000000	0.000202
DEC_BOILER_GAS	0.000177	0.000000	0.000000
DEC_BOILER_WOOD	0.001656	0.000000	0.000002
DEC_BOILER_OIL	0.000147	0.000000	0.000000
DEC_SOLAR	0.001119	0.000000	0.000000
DEC_DIRECT_ELEC	0.000033	0.000000	0.000000
TRAMWAY_TROLLEY	78.587424	0.000000	0.000000
BUS_COACH_DIESEL	0.000121	0.000000	0.000000
BUS_COACH_HYDIESEL	0.000077	0.000000	0.000000
BUS_COACH_CNG_STOICH	5563.724314	0.000000	4.725848
BUS_COACH_FC_HYBRIDH2	0.000093	0.000000	0.000000
BUS_COACH_ELECTRIC	0.000263	0.000000	0.000000
TRAIN_PUB	0.000028	0.000000	0.000000
CAR_GASOLINE	0.000039	0.000000	0.000009
CAR_DIESEL	0.000027	0.000000	0.000006
CAR_NG	0.000037	0.000000	0.000008
CAR_METHANOL	0.000024	0.000000	0.000006
CAR_HEV	0.000028	0.000000	0.000006
CAR_PHEV	0.011759	0.000000	0.001031
CAR_BEV	41278.467933	0.000000	4843.939411
CAR_FUEL_CELL	0.000068	0.000000	0.000005
TRAIN_FREIGHT	247.342362	0.000000	0.000000
BOAT_FREIGHT_DIESEL	0.000302	0.000000	0.000007
BOAT_FREIGHT_NG	210.053414	0.000000	4.680944
BOAT_FREIGHT_METHANOL	0.000001	0.000000	0.000000
TRUCK_DIESEL	0.000017	0.000000	0.000000
TRUCK_METHANOL	0.000007	0.000000	0.000000
TRUCK_FUEL_CELL	0.009728	0.000000	0.000000
TRUCK_ELEC	11512.759431	0.000000	0.564110
TRUCK_NG	0.000068	0.000000	0.000000
HABER_BOSCH	3688.766965	0.000000	95.953748
SYN_METHANOLATION	0.002092	0.000000	0.000185
METHANE_TO_METHANOL	16438.532134	0.000000	185.140942
BIOMASS_TO_METHANOL	0.002559	0.000000	0.001896
OIL_TO_HVC	2060.834348	0.000000	0.000000
GAS_TO_HVC	0.014441	0.000000	0.000000
METHANOL_TO_HVC	6811.834485	0.000000	0.000000
ADLIBIO_TO_HVC	0.002441	0.000000	0.001329
PHS	0.000145	0.000000	0.000000
BATT_LI	0.001053	0.000000	0.000000
BEV_BATT	158097.338632	0.000000	0.000000
PHEV_BATT	0.012827	0.000000	0.000000
TS_DEC_DIRECT_ELEC	0.001553	0.000000	0.000000
TS_DEC_HP_ELEC	208.222089	0.000000	0.000000
TS_DEC_THHP_GAS	221.011244	0.000000	0.000000
TS_DEC_COGEN_GAS	0.001573	0.000000	0.000000
TS_DEC_COGEN_OIL	0.001575	0.000000	0.000000
TS_DEC_ADVCOGEN_GAS	0.001557	0.000000	0.000000
TS_DEC_ADVCOGEN_H2	0.001569	0.000000	0.000000
TS_DEC_BOILER_GAS	0.001562	0.000000	0.000000
TS_DEC_BOILER_WOOD	0.001578	0.000000	0.000000
TS_DEC_BOILER_OIL	0.001567	0.000000	0.000000
TS_DHN_DAILY	0.011876	0.000000	0.000000
TS_DHN_SEASONAL	5527.888216	0.000000	0.000000
TS_HIGH_TEMP	90.946004	0.000000	0.000000
GAS_STORAGE	0.156011	0.000000	0.000000
H2_STORAGE	0.007614	0.000000	0.000000
DIESEL_STORAGE	0.030907	0.000000	0.000000
GASOLINE_STORAGE	0.034910	0.000000	0.000000
LFO_STORAGE	0.039216	0.000000	0.000000
AMMONIA_STORAGE	0.103457	0.000000	0.000000
METHANOL_STORAGE	0.002663	0.000000	0.000000
CO2_STORAGE	0.661159	0.000000	0.000000
ADLIBIO_TO_FUEL	0.002020	0.000000	0.000107
AMMONIA_TO_H2	0.000272	0.000000	0.000000
ATM_CCS	0.000084	0.000000	0.000064
BIO_HYDROLYSIS	0.003252	0.000000	0.025553
BIOMETHANATION	4770.710422	0.000000	2467.065213
DHN	0.000000	0.000000	0.000000
EFFICIENCY	0.000000	0.000000	0.000000
GASIFICATION_SNG	0.000112	0.000000	0.000562
GRID	806.184799	0.000000	0.000000
H2_BIOMASS	570.489523	0.000000	45.574043
H2_ELECTROLYSIS	0.000251	0.000000	0.000005
INDUSTRY_CCS	0.000000	0.000000	0.000059
REDIFUEL	0.001067	0.000000	0.000097
SMR	0.000000	0.000000	0.000016
SYN_METHANATION	0.000298	0.000000	0.000000
AMMONIA	0.000000	0.001758	0.000000
AMMONIA_RE_BE	0.000000	0.000000	0.000000
AMMONIA_RE_IMPORT	0.000000	5973.840736	0.000000
BIODIESEL	0.000000	0.022746	0.000000
BIODIESEL_BE	0.000000	0.000000	0.000000
BIOETHANOL	0.000000	0.013630	0.000000
CO2_ATM	0.000000	0.000000	0.000000
CO2_CAPTURED	0.000000	0.000000	0.000000
CO2_EMISSIONS	0.000000	0.000000	0.000000
CO2_INDUSTRY	0.000000	0.000000	0.000000
COAL	0.000000	0.011897	0.000000
DIESEL	0.000000	0.002287	0.000000
ELEC_EXPORT	0.000000	0.000000	0.000000
ELECTRICITY	0.000000	42653.935684	0.000000
GAS	0.000000	20963.676908	0.000000
GAS_RE_BE	0.000000	0.000000	0.000000
GAS_RE_IMPORT	0.000000	0.000022	0.000000
GASOLINE	0.000000	0.000753	0.000000
H2	0.000000	0.000003	0.000000
H2_RE_BE	0.000000	0.000000	0.000000
H2_RE_IMPORT	0.000000	0.000010	0.000000
LFO	0.000000	6938.349119	0.000000
LFO_RE_BE	0.000000	0.000000	0.000000
METHANOL	0.000000	19.603720	0.000000
METHANOL_RE_BE	0.000000	0.000000	0.000000
METHANOL_RE_IMPORT	0.000000	0.005453	0.000000
RES_GEO	0.000000	0.000000	0.000000
RES_HYDRO	0.000000	0.000000	0.000000
RES_SOLAR	0.000000	0.000000	0.000000
RES_WIND	0.000000	0.000000	0.000000
URANIUM	0.000000	0.000000	0.000000
WASTE	0.000000	0.000000	0.000000
WET_BIOMASS	0.000000	90117.721382	0.000000
WOOD	0.000000	95211.651707	0.000000
WOOD_PRODUCTION	0.000000	0.023094	0.000000
