TECHNOLOGIES	 c_inv	 c_maint	 lifetime	  f_min	 f	 f_max	 fmin_perc	f_perc	 fmax_perc	 c_p	 c_p_max	 tau	 gwp_constr
 UNITS	[M€/GW]	 [M€/GW/y]	 [y]	 [GW or GWh]	 [GW or GWh]	 [GW or GWh]	 [0-1]	 [0-1]	 [0-1]	 [0-1]	 [0-1]	 [-]	 [ktCO2-eq./GW or GWh]
NUCLEAR	0.000000	0.000000	60.000000	0.000000	0.000000	0.000000	0.000000	0.000000	1.000000	0.000000	0.849000	0.025393	0.000000
CCGT	0.002679	0.000068	25.000000	0.000000	0.000004	Infinity	0.000000	0.000000	1.000000	0.013405	0.961540	0.048263	0.000644
CCGT_AMMONIA	0.000116	0.000003	25.000000	0.000000	0.000000	Infinity	0.000000	0.000000	1.000000	0.000169	0.630000	0.048263	0.000028
COAL_US	0.000000	0.000000	35.000000	0.000000	0.000000	0.000000	0.000000	0.000000	1.000000	0.000000	0.868000	0.036934	0.000000
COAL_IGCC	0.000000	0.000000	35.000000	0.000000	0.000000	0.000000	0.000000	0.000000	1.000000	0.000000	0.856000	0.036934	0.000000
PV	38149.096915	435.667600	25.000000	0.000000	48.108523	59.200000	0.000000	0.553340	1.000000	0.115012	1.000000	0.048263	100134.523937
WIND_ONSHORE	10196.099964	118.588235	30.000000	0.000000	10.000000	10.000000	0.000000	0.222664	1.000000	0.222650	1.000000	0.041639	6228.499978
WIND_OFFSHORE	29204.939849	203.193193	30.000000	0.000000	6.000000	6.000000	0.000000	0.218752	1.000000	0.364563	1.000000	0.041639	3737.099981
HYDRO_RIVER	580.165800	5.801152	40.000000	0.000000	0.115000	0.115000	0.000000	0.005244	1.000000	0.455972	1.000000	0.033427	145.224300
GEOTHERMAL	0.000000	0.000000	30.000000	0.000000	0.000000	0.000000	0.000000	0.000000	1.000000	0.000000	0.950000	0.041639	0.000000
IND_COGEN_GAS	3420.162389	219.844073	25.000000	0.000000	2.486866	Infinity	0.000000	0.257251	1.000000	0.839113	0.850000	0.048263	2547.346915
IND_COGEN_WOOD	1462.177889	53.533774	25.000000	0.000000	1.385084	Infinity	0.000000	0.129848	1.000000	0.760458	0.850000	0.048263	228.995956
IND_COGEN_WASTE	0.000235	0.000009	25.000000	0.000000	0.000000	Infinity	0.000000	0.000000	1.000000	0.000182	0.850000	0.048263	0.000054
IND_BOILER_GAS	332.764315	6.667072	17.000000	0.000000	5.650608	Infinity	0.000000	0.135009	1.000000	0.193813	0.950000	0.067080	69.615493
IND_BOILER_WOOD	0.000261	0.000005	17.000000	0.000000	0.000002	Infinity	0.000000	0.000000	1.000000	0.007077	0.900000	0.067080	0.000066
IND_BOILER_OIL	0.000196	0.000004	17.000000	0.000000	0.000004	Infinity	0.000000	0.000000	1.000000	0.001781	0.950000	0.067080	0.000044
IND_BOILER_COAL	249.228239	4.984536	17.000000	0.000000	2.163815	Infinity	0.000000	0.236312	1.000000	0.885894	0.900000	0.067080	104.252618
IND_BOILER_WASTE	238.707540	4.774123	17.000000	0.000000	2.072474	Infinity	0.000000	0.205408	1.000000	0.803979	0.900000	0.067080	59.832321
IND_DIRECT_ELEC	941.688795	4.271890	15.000000	0.000000	2.833510	Infinity	0.000000	0.036171	1.000000	0.103551	0.950000	0.074944	4.165260
DHN_HP_ELEC	1927.536940	65.360502	25.000000	0.000000	5.740647	Infinity	0.000000	0.679534	1.000000	0.621668	0.950000	0.048263	1003.407635
DHN_COGEN_GAS	2671.048808	78.095506	25.000000	0.000000	2.179879	Infinity	0.000000	0.320466	1.000000	0.772072	0.850000	0.048263	1070.058792
DHN_COGEN_WOOD	0.000079	0.000003	25.000000	0.000000	0.000000	Infinity	0.000000	0.000000	1.000000	0.000623	0.850000	0.048263	0.000012
DHN_COGEN_WASTE	0.000179	0.000007	25.000000	0.000000	0.000000	Infinity	0.000000	0.000000	1.000000	0.000147	0.850000	0.048263	0.000041
DHN_COGEN_WET_BIOMASS	0.000254	0.000021	25.000000	0.000000	0.000000	Infinity	0.000000	0.000000	1.000000	0.000538	0.750000	0.048263	0.000194
DHN_COGEN_BIO_HYDROLYSIS	0.000082	0.000004	15.000000	0.000000	0.000000	Infinity	0.000000	0.000000	1.000000	0.000069	0.850000	0.074944	0.000012
DHN_BOILER_GAS	0.000058	0.000001	17.000000	0.000000	0.000001	Infinity	0.000000	0.000000	1.000000	0.000594	0.950000	0.067080	0.000012
DHN_BOILER_WOOD	0.000045	0.000001	17.000000	0.000000	0.000000	Infinity	0.000000	0.000000	1.000000	0.000784	0.900000	0.067080	0.000011
DHN_BOILER_OIL	0.000110	0.000002	17.000000	0.000000	0.000002	Infinity	0.000000	0.000000	1.000000	0.000748	0.950000	0.067080	0.000025
DHN_DEEP_GEO	0.000000	0.000000	30.000000	0.000000	0.000000	0.000000	0.000000	0.000000	1.000000	0.000000	0.850000	0.041639	0.000000
DHN_SOLAR	0.000118	0.000000	30.000000	0.000000	0.000000	Infinity	0.000000	0.000000	1.000000	0.000235	1.000000	0.041639	0.000073
DEC_HP_ELEC	9179.208597	382.727938	18.000000	0.000000	19.155277	Infinity	0.000000	0.999995	1.000000	0.449566	1.000000	0.063806	3158.513576
DEC_THHP_GAS	0.027266	0.000797	20.000000	0.000000	0.000089	Infinity	0.000000	0.000005	1.000000	0.395700	1.000000	0.058246	0.033871
DEC_COGEN_GAS	0.000523	0.000034	20.000000	0.000000	0.000000	Infinity	0.000000	0.000000	1.000000	0.001367	1.000000	0.058246	0.000389
DEC_COGEN_OIL	0.000414	0.000025	20.000000	0.000000	0.000000	Infinity	0.000000	0.000000	1.000000	0.000915	1.000000	0.058246	0.000332
DEC_ADVCOGEN_GAS	0.000875	0.000016	20.000000	0.000000	0.000000	Infinity	0.000000	0.000000	1.000000	0.000504	1.000000	0.058246	0.000286
DEC_ADVCOGEN_H2	0.000458	0.000009	20.000000	0.000000	0.000000	Infinity	0.000000	0.000000	1.000000	0.000331	1.000000	0.058246	0.000150
DEC_BOILER_GAS	0.000445	0.000013	17.000000	0.000000	0.000003	Infinity	0.000000	0.000000	1.000000	0.001237	1.000000	0.067080	0.000059
DEC_BOILER_WOOD	0.000310	0.000011	17.000000	0.000000	0.000001	Infinity	0.000000	0.000000	1.000000	0.001163	1.000000	0.067080	0.000014
DEC_BOILER_OIL	0.000300	0.000018	17.000000	0.000000	0.000002	Infinity	0.000000	0.000000	1.000000	0.000582	1.000000	0.067080	0.000044
DEC_SOLAR	0.000810	0.000009	20.000000	0.000000	0.000001	Infinity	0.000000	0.000000	1.000000	0.000756	1.000000	0.058246	0.000253
DEC_DIRECT_ELEC	0.000510	0.000002	15.000000	0.000000	0.000013	Infinity	0.000000	0.000000	1.000000	0.001136	1.000000	0.074944	0.000019
TRAMWAY_TROLLEY	4815.641470	96.312829	30.000000	0.000000	7.705026	Infinity	0.000000	0.300000	0.300000	0.342470	0.342470	0.041639	0.000000
BUS_COACH_DIESEL	0.000167	0.000008	15.000000	0.000000	0.000000	Infinity	0.000000	0.000000	1.000000	0.000853	0.296800	0.074944	0.000000
BUS_COACH_HYDIESEL	0.000079	0.000003	15.000000	0.000000	0.000000	Infinity	0.000000	0.000000	1.000000	0.000333	0.296800	0.074944	0.000000
BUS_COACH_CNG_STOICH	12765.941492	633.869210	15.000000	0.000000	20.744811	Infinity	0.000000	0.700000	1.000000	0.296800	0.296800	0.074944	0.000000
BUS_COACH_FC_HYBRIDH2	0.000237	0.000010	15.000000	0.000000	0.000000	Infinity	0.000000	0.000000	1.000000	0.001461	0.296800	0.074944	0.000000
BUS_COACH_ELECTRIC	0.001090	0.000049	15.000000	0.000000	0.000002	Infinity	0.000000	0.000000	1.000000	0.005225	0.296800	0.074944	0.000000
TRAIN_PUB	0.001755	0.000063	40.000000	0.000000	0.000001	Infinity	0.000000	0.000000	0.500000	0.005396	0.275070	0.033427	0.000000
CAR_GASOLINE	10611.250002	600.000000	10.000000	25.000000	25.000000	Infinity	0.000000	0.146007	1.000000	0.051370	0.051370	0.108434	0.000000
CAR_DIESEL	0.000027	0.000001	10.000000	0.000000	0.000000	Infinity	0.000000	0.000000	1.000000	0.000066	0.051370	0.108434	0.000000
CAR_NG	0.000036	0.000002	10.000000	0.000000	0.000000	Infinity	0.000000	0.000000	1.000000	0.000075	0.051370	0.108434	0.000000
CAR_METHANOL	0.000031	0.000002	10.000000	0.000000	0.000000	Infinity	0.000000	0.000000	1.000000	0.000071	0.051370	0.108434	0.000000
CAR_HEV	0.000024	0.000002	10.000000	0.000000	0.000000	Infinity	0.000000	0.000000	1.000000	0.000061	0.051370	0.108434	0.000000
CAR_PHEV	0.016804	0.001251	10.000000	0.000000	0.000037	Infinity	0.000000	0.000000	1.000000	0.011548	0.051370	0.108434	0.000000
CAR_BEV	61733.040317	1462.244548	10.000000	0.000000	146.224455	Infinity	0.000000	0.853993	1.000000	0.051370	0.051370	0.108434	0.000000
CAR_FUEL_CELL	0.000040	0.000001	10.000000	0.000000	0.000000	Infinity	0.000000	0.000000	1.000000	0.000089	0.051370	0.108434	0.000000
TRAIN_FREIGHT	758.204304	15.163445	40.000000	0.000000	7.261102	Infinity	0.000000	1.000000	1.000000	0.342470	0.342470	0.033427	0.000000
BOAT_FREIGHT_DIESEL	0.000029	0.000001	40.000000	0.000000	0.000000	Infinity	0.000000	0.000000	1.000000	0.000424	0.114160	0.033427	0.000000
BOAT_FREIGHT_NG	0.000039	0.000002	40.000000	0.000000	0.000001	Infinity	0.000000	0.000000	1.000000	0.000660	0.114160	0.033427	0.000000
BOAT_FREIGHT_METHANOL	2016.639634	99.837240	40.000000	0.000000	26.139205	Infinity	0.000000	1.000000	1.000000	0.114160	0.114160	0.033427	0.000000
TRUCK_DIESEL	8620.170003	426.777778	15.000000	23.000000	23.000000	Infinity	0.000000	0.475767	1.000000	0.092590	0.092590	0.074944	0.000000
TRUCK_METHANOL	0.000152	0.000008	15.000000	0.000000	0.000000	Infinity	0.000000	0.000000	1.000000	0.000403	0.092590	0.074944	0.000000
TRUCK_FUEL_CELL	11854.607198	305.805390	15.000000	0.000000	25.342988	Infinity	0.000000	0.524233	1.000000	0.092590	0.092590	0.074944	0.000000
TRUCK_ELEC	0.000060	0.000003	15.000000	0.000000	0.000000	Infinity	0.000000	0.000000	1.000000	0.000706	0.092590	0.074944	0.000000
TRUCK_NG	0.000021	0.000001	15.000000	0.000000	0.000000	Infinity	0.000000	0.000000	1.000000	0.000075	0.092590	0.074944	0.000000
HABER_BOSCH	0.000767	0.000015	20.000000	0.000000	0.000001	Infinity	0.000000	1.000000	1.000000	0.005306	1.000000	0.058246	0.000000
SYN_METHANOLATION	0.000237	0.000007	20.000000	0.000000	0.000000	Infinity	0.000000	0.243859	1.000000	0.000335	0.950000	0.058246	0.000000
METHANE_TO_METHANOL	0.000292	0.000013	25.000000	0.000000	0.000000	Infinity	0.000000	0.565951	1.000000	0.000778	0.850000	0.048263	0.000000
BIOMASS_TO_METHANOL	0.000300	0.000005	20.000000	0.000000	0.000000	Infinity	0.000000	0.190190	1.000000	0.000261	1.000000	0.058246	0.000000
OIL_TO_HVC	0.000291	0.000002	20.000000	0.000000	0.000001	Infinity	0.000000	0.000000	1.000000	0.000587	1.000000	0.058246	0.000000
GAS_TO_HVC	0.000356	0.000009	20.000000	0.000000	0.000000	Infinity	0.000000	0.000000	1.000000	0.000325	1.000000	0.058246	0.000000
METHANOL_TO_HVC	3296.913092	296.721742	20.000000	0.000000	4.849828	Infinity	0.000000	1.000000	1.000000	1.000000	1.000000	0.058246	0.000000
ADLIBIO_TO_HVC	0.000433	0.000009	20.000000	0.000000	0.000000	Infinity	0.000000	0.000000	1.000000	0.002013	1.000000	0.058246	0.000461
PHS	382.175099	0.000000	50.000000	5.000000	6.499577	6.500000	0.000000	-1.000000	1.000000	0.020171	1.000000	0.028572	
BATT_LI	0.002322	0.000004	15.000000	0.000000	0.000009	Infinity	0.000000	-1.000000	1.000000	0.002066	1.000000	0.074944	
BEV_BATT	0.000000	0.000000	1.000000	0.000000	145.063943	Infinity	0.000000	-1.000000	1.000000	0.004149	1.000000	1.015000	
PHEV_BATT	0.000000	0.000000	1.000000	0.000000	0.000007	Infinity	0.000000	-1.000000	1.000000	0.000529	1.000000	1.015000	
TS_DEC_DIRECT_ELEC	0.001283	0.000009	20.000000	0.000000	0.000068	Infinity	0.000000	-1.000000	1.000000	0.000878	1.000000	0.058246	
TS_DEC_HP_ELEC	1172.123760	8.205651	20.000000	0.000000	61.788285	Infinity	0.000000	-1.000000	1.000000	0.030732	1.000000	0.058246	
TS_DEC_THHP_GAS	0.004914	0.000034	20.000000	0.000000	0.000259	Infinity	0.000000	-1.000000	1.000000	0.032562	1.000000	0.058246	
TS_DEC_COGEN_GAS	0.001271	0.000009	20.000000	0.000000	0.000067	Infinity	0.000000	-1.000000	1.000000	0.000400	1.000000	0.058246	
TS_DEC_COGEN_OIL	0.001197	0.000008	20.000000	0.000000	0.000063	Infinity	0.000000	-1.000000	1.000000	0.000287	1.000000	0.058246	
TS_DEC_ADVCOGEN_GAS	0.001509	0.000011	20.000000	0.000000	0.000080	Infinity	0.000000	-1.000000	1.000000	0.000411	1.000000	0.058246	
TS_DEC_ADVCOGEN_H2	0.001257	0.000009	20.000000	0.000000	0.000066	Infinity	0.000000	-1.000000	1.000000	0.000256	1.000000	0.058246	
TS_DEC_BOILER_GAS	0.001275	0.000009	20.000000	0.000000	0.000067	Infinity	0.000000	-1.000000	1.000000	0.000736	1.000000	0.058246	
TS_DEC_BOILER_WOOD	0.001149	0.000008	20.000000	0.000000	0.000061	Infinity	0.000000	-1.000000	1.000000	0.000288	1.000000	0.058246	
TS_DEC_BOILER_OIL	0.001301	0.000009	20.000000	0.000000	0.000069	Infinity	0.000000	-1.000000	1.000000	0.000289	1.000000	0.058246	
TS_DHN_DAILY	0.004043	0.000012	40.000000	0.000000	0.001348	Infinity	0.000000	-1.000000	1.000000	0.001085	1.000000	0.033427	
TS_DHN_SEASONAL	355.666499	1.957284	25.000000	0.000000	671.068865	Infinity	0.000000	-1.000000	1.000000	0.001546	1.000000	0.048263	
TS_HIGH_TEMP	67.580144	0.723298	25.000000	0.000000	2.410993	Infinity	0.000000	-1.000000	1.000000	0.015731	1.000000	0.048263	
GAS_STORAGE	104.941161	2.747704	50.000000	0.000000	2098.823227	Infinity	0.000000	-1.000000	1.000000	0.000235	1.000000	0.028572	
H2_STORAGE	0.013052	0.000822	20.000000	0.000000	0.002109	Infinity	0.000000	-1.000000	1.000000	0.000129	1.000000	0.058246	
DIESEL_STORAGE	0.014829	0.000589	20.000000	0.000000	1.482930	Infinity	0.000000	-1.000000	1.000000	0.000016	1.000000	0.058246	
GASOLINE_STORAGE	1.025046	0.040694	20.000000	0.000000	102.504612	Infinity	0.000000	-1.000000	1.000000	0.001938	1.000000	0.058246	
LFO_STORAGE	0.013571	0.000539	20.000000	0.000000	1.357099	Infinity	0.000000	-1.000000	1.000000	0.000000	1.000000	0.058246	
AMMONIA_STORAGE	0.000026	0.000001	20.000000	0.000000	0.002621	Infinity	0.000000	-1.000000	1.000000	0.000039	1.000000	0.058246	
METHANOL_STORAGE	0.000001	0.000000	20.000000	0.000000	0.000099	Infinity	0.000000	-1.000000	1.000000	0.000014	1.000000	0.058246	
CO2_STORAGE	0.038506	0.000385	30.000000	0.000000	0.000778	Infinity	0.000000	-1.000000	1.000000	0.000007	1.000000	0.041639	
ADLIBIO_TO_FUEL	423.256781	7.701179	20.000000	0.000000	0.616094	Infinity	0.000000	-1.000000	1.000000	0.999998	1.000000	0.058246	
AMMONIA_TO_H2	0.000076	0.000007	25.000000	0.000000	0.000000	Infinity	0.000000	-1.000000	1.000000	0.000183	0.860000	0.048263	
ATM_CCS	0.000308	0.000008	40.000000	0.000000	0.000000	Infinity	0.000000	-1.000000	1.000000	0.000157	1.000000	0.033427	
BIO_HYDROLYSIS	3430.108607	233.866785	15.000000	0.000000	2.209865	Infinity	0.000000	-1.000000	1.000000	0.850000	0.850000	0.074944	
BIOMETHANATION	0.002391	0.000033	20.000000	0.000000	0.000002	Infinity	0.000000	-1.000000	1.000000	0.013061	0.850000	0.058246	
DHN	6541.407012	0.000000	60.000000	0.000000	7.920530	Infinity	0.000000	-1.000000	1.000000	0.000000	1.000000	0.025393	
EFFICIENCY	5517.241379	0.000000	1.000000	0.000000	0.985222	Infinity	0.000000	-1.000000	1.000000	0.000000	1.000000	1.015000	
GASIFICATION_SNG	0.000127	0.000009	25.000000	0.000000	0.000000	Infinity	0.000000	-1.000000	1.000000	0.000492	0.850000	0.048263	
GRID	98498.174896	0.000000	80.000000	0.000000	1.314728	Infinity	0.000000	-1.000000	1.000000	0.000000	1.000000	0.021548	
H2_BIOMASS	0.006021	0.000424	25.000000	0.000000	0.000003	Infinity	0.000000	-1.000000	1.000000	0.023424	0.860000	0.048263	
H2_ELECTROLYSIS	0.000693	0.000019	15.000000	0.000000	0.000001	Infinity	0.000000	-1.000000	1.000000	0.002265	0.900000	0.074944	
INDUSTRY_CCS	0.000213	0.000005	40.000000	0.000000	0.000000	Infinity	0.000000	-1.000000	1.000000	0.000215	1.000000	0.033427	
REDIFUEL	0.000312	0.000008	20.000000	0.000000	0.000000	Infinity	0.000000	-1.000000	1.000000	0.000151	1.000000	0.058246	
SMR	0.000361	0.000033	25.000000	0.000000	0.000001	Infinity	0.000000	-1.000000	1.000000	0.001992	0.860000	0.048263	
SYN_METHANATION	0.000060	0.000015	40.000000	0.000000	0.000000	Infinity	0.000000	-1.000000	1.000000	0.000544	1.000000	0.033427	