Name	Crit_3_tech	Crit_3_res	Crit_3_op
NUCLEAR	0.000000	0.000000	0.000000
CCGT	0.000008	0.000000	0.000011
CCGT_AMMONIA	0.000000	0.000000	0.000000
COAL_US	0.000000	0.000000	0.000000
COAL_IGCC	0.000000	0.000000	0.000000
PV	1238.855107	0.000000	0.000000
WIND_ONSHORE	98.363066	0.000000	3.826240
WIND_OFFSHORE	93.142573	0.000000	5.434445
HYDRO_RIVER	1.260960	0.000000	0.017129
GEOTHERMAL	0.000000	0.000000	0.000000
IND_COGEN_GAS	12.726159	0.000000	17.773448
IND_COGEN_WOOD	6.828804	0.000000	141.961073
IND_COGEN_WASTE	0.000001	0.000000	0.000015
IND_BOILER_GAS	0.892592	0.000000	0.000000
IND_BOILER_WOOD	0.000006	0.000000	0.000090
IND_BOILER_OIL	0.000001	0.000000	0.000000
IND_BOILER_COAL	5.248188	0.000000	5.447255
IND_BOILER_WASTE	6.097419	0.000000	331.095490
IND_DIRECT_ELEC	0.089474	0.000000	0.000000
DHN_HP_ELEC	6.833105	0.000000	1.586586
DHN_COGEN_GAS	6.229227	0.000000	14.334714
DHN_COGEN_WOOD	0.000000	0.000000	0.000010
DHN_COGEN_WASTE	0.000001	0.000000	0.000012
DHN_COGEN_WET_BIOMASS	0.000013	0.000000	0.000009
DHN_COGEN_BIO_HYDROLYSIS	0.000000	0.000000	0.000010
DHN_BOILER_GAS	0.000000	0.000000	0.000000
DHN_BOILER_WOOD	0.000001	0.000000	0.000010
DHN_BOILER_OIL	0.000000	0.000000	0.000000
DHN_DEEP_GEO	0.000000	0.000000	0.000000
DHN_SOLAR	0.000012	0.000000	0.000000
DEC_HP_ELEC	31.667458	0.000000	5.099482
DEC_THHP_GAS	0.000723	0.000000	0.000000
DEC_COGEN_GAS	0.000004	0.000000	0.000001
DEC_COGEN_OIL	0.000003	0.000000	0.000004
DEC_ADVCOGEN_GAS	0.000006	0.000000	0.000003
DEC_ADVCOGEN_H2	0.000003	0.000000	0.000002
DEC_BOILER_GAS	0.000004	0.000000	0.000000
DEC_BOILER_WOOD	0.000003	0.000000	0.000015
DEC_BOILER_OIL	0.000003	0.000000	0.000000
DEC_SOLAR	0.000061	0.000000	0.000000
DEC_DIRECT_ELEC	0.000000	0.000000	0.000000
TRAMWAY_TROLLEY	4.049335	0.000000	0.000000
BUS_COACH_DIESEL	0.000004	0.000000	0.000000
BUS_COACH_HYDIESEL	0.000001	0.000000	0.000000
BUS_COACH_CNG_STOICH	305.121382	0.000000	0.911543
BUS_COACH_FC_HYBRIDH2	0.000006	0.000000	0.000000
BUS_COACH_ELECTRIC	0.000029	0.000000	0.000000
TRAIN_PUB	0.000002	0.000000	0.000000
CAR_GASOLINE	235.074493	0.000000	38.481605
CAR_DIESEL	0.000001	0.000000	0.000000
CAR_NG	0.000001	0.000000	0.000000
CAR_METHANOL	0.000001	0.000000	0.000000
CAR_HEV	0.000001	0.000000	0.000000
CAR_PHEV	0.000537	0.000000	0.000035
CAR_BEV	3847.236260	0.000000	261.778809
CAR_FUEL_CELL	0.000002	0.000000	0.000000
TRAIN_FREIGHT	11.299702	0.000000	0.000000
BOAT_FREIGHT_DIESEL	0.000000	0.000000	0.000000
BOAT_FREIGHT_NG	0.000000	0.000000	0.000000
BOAT_FREIGHT_METHANOL	10.000737	0.000000	0.176752
TRUCK_DIESEL	154.538871	0.000000	0.052431
TRUCK_METHANOL	0.000003	0.000000	0.000000
TRUCK_FUEL_CELL	267.613484	0.000000	0.057772
TRUCK_ELEC	0.000002	0.000000	0.000000
TRUCK_NG	0.000000	0.000000	0.000000
HABER_BOSCH	0.000071	0.000000	0.002054
SYN_METHANOLATION	0.000012	0.000000	0.000013
METHANE_TO_METHANOL	0.000000	0.000000	0.000014
BIOMASS_TO_METHANOL	0.000010	0.000000	0.000014
OIL_TO_HVC	0.000023	0.000000	0.000000
GAS_TO_HVC	0.000014	0.000000	0.000000
METHANOL_TO_HVC	148.223476	0.000000	0.000000
ADLIBIO_TO_HVC	0.000015	0.000000	0.000028
PHS	274.313318	0.000000	0.000000
BATT_LI	0.000204	0.000000	0.000000
BEV_BATT	0.000000	0.000000	0.000000
PHEV_BATT	0.002442	0.000000	0.000000
TS_DEC_DIRECT_ELEC	0.000017	0.000000	0.000000
TS_DEC_HP_ELEC	15.414137	0.000000	0.000000
TS_DEC_THHP_GAS	0.000065	0.000000	0.000000
TS_DEC_COGEN_GAS	0.000017	0.000000	0.000000
TS_DEC_COGEN_OIL	0.000016	0.000000	0.000000
TS_DEC_ADVCOGEN_GAS	0.000020	0.000000	0.000000
TS_DEC_ADVCOGEN_H2	0.000017	0.000000	0.000000
TS_DEC_BOILER_GAS	0.000017	0.000000	0.000000
TS_DEC_BOILER_WOOD	0.000015	0.000000	0.000000
TS_DEC_BOILER_OIL	0.000017	0.000000	0.000000
TS_DHN_DAILY	0.000168	0.000000	0.000000
TS_DHN_SEASONAL	133.927619	0.000000	0.000000
TS_HIGH_TEMP	0.481171	0.000000	0.000000
GAS_STORAGE	619.540821	0.000000	0.000000
H2_STORAGE	0.000612	0.000000	0.000000
DIESEL_STORAGE	0.001838	0.000000	0.000000
GASOLINE_STORAGE	0.131465	0.000000	0.000000
LFO_STORAGE	0.001367	0.000000	0.000000
AMMONIA_STORAGE	0.004854	0.000000	0.000000
METHANOL_STORAGE	0.007212	0.000000	0.000000
CO2_STORAGE	0.000194	0.000000	0.000000
ADLIBIO_TO_FUEL	19.655313	0.000000	62.234138
AMMONIA_TO_H2	0.000002	0.000000	0.000000
ATM_CCS	0.000001	0.000000	0.000001
BIO_HYDROLYSIS	4.902672	0.000000	689.729908
BIOMETHANATION	0.000097	0.000000	0.000105
DHN	0.000000	0.000000	0.000000
EFFICIENCY	0.000000	0.000000	0.000000
GASIFICATION_SNG	0.000000	0.000000	0.000011
GRID	27.019378	0.000000	0.000000
H2_BIOMASS	0.000004	0.000000	0.000047
H2_ELECTROLYSIS	0.000009	0.000000	0.000001
INDUSTRY_CCS	0.000000	0.000000	0.000001
REDIFUEL	0.000002	0.000000	0.000016
SMR	0.000000	0.000000	0.000021
SYN_METHANATION	0.000000	0.000000	0.000000
AMMONIA	0.000000	0.000117	0.000000
AMMONIA_RE_BE	0.000000	0.000000	0.000000
AMMONIA_RE_IMPORT	0.000000	5642.638742	0.000000
BIODIESEL	0.000000	0.001838	0.000000
BIODIESEL_BE	0.000000	0.000000	0.000000
BIOETHANOL	0.000000	0.000888	0.000000
CO2_ATM	0.000000	0.000000	0.000000
CO2_CAPTURED	0.000000	0.000000	0.000000
CO2_EMISSIONS	0.000000	0.000000	0.000000
CO2_INDUSTRY	0.000000	0.000000	0.000000
COAL	0.000000	200.717545	0.000000
DIESEL	0.000000	80.869538	0.000000
ELEC_EXPORT	0.000000	0.000000	0.000000
ELECTRICITY	0.000000	1827.543370	0.000000
GAS	0.000000	499.688796	0.000000
GAS_RE_BE	0.000000	0.000000	0.000000
GAS_RE_IMPORT	0.000000	0.000001	0.000000
GASOLINE	0.000000	0.000007	0.000000
H2	0.000000	0.000000	0.000000
H2_RE_BE	0.000000	0.000000	0.000000
H2_RE_IMPORT	0.000000	6378.147541	0.000000
LFO	0.000000	0.000015	0.000000
LFO_RE_BE	0.000000	0.000000	0.000000
METHANOL	0.000000	1696.649627	0.000000
METHANOL_RE_BE	0.000000	0.000000	0.000000
METHANOL_RE_IMPORT	0.000000	0.000155	0.000000
RES_GEO	0.000000	0.000000	0.000000
RES_HYDRO	0.000000	0.000000	0.000000
RES_SOLAR	0.000000	0.000000	0.000000
RES_WIND	0.000000	0.000000	0.000000
URANIUM	0.000000	0.000000	0.000000
WASTE	0.000000	0.000000	0.000000
WET_BIOMASS	0.000000	1607.941781	0.000000
WOOD	0.000000	1309.914464	0.000000
WOOD_PRODUCTION	0.000000	0.000004	0.000000
