Name	LCA_tech	LCA_res	LCA_op
NUCLEAR	0.000000	0.000000	0.000000
CCGT	0.000014	0.000000	0.003252
CCGT_AMMONIA	0.000000	0.000000	0.000003
COAL_US	0.000000	0.000000	0.000000
COAL_IGCC	0.000000	0.000000	0.000000
PV	1147.299642	0.000000	0.000000
WIND_ONSHORE	120.750034	0.000000	1.793741
WIND_OFFSHORE	109.473041	0.000000	2.544433
HYDRO_RIVER	2.800290	0.000000	0.008004
GEOTHERMAL	0.000000	0.000000	0.000000
IND_COGEN_GAS	39.626699	0.000000	9107.500568
IND_COGEN_WOOD	0.000000	0.000000	0.001238
IND_COGEN_WASTE	0.000003	0.000000	0.000468
IND_BOILER_GAS	3.018279	0.000000	1980.327809
IND_BOILER_WOOD	0.000014	0.000000	0.000926
IND_BOILER_OIL	0.000006	0.000000	0.001248
IND_BOILER_COAL	0.000032	0.000000	0.001785
IND_BOILER_WASTE	3.686125	0.000000	1586.769067
IND_DIRECT_ELEC	0.372986	0.000000	0.000000
DHN_HP_ELEC	28.904483	0.000000	426.764742
DHN_COGEN_GAS	11.815649	0.000000	5256.019381
DHN_COGEN_WOOD	0.000000	0.000000	0.000478
DHN_COGEN_WASTE	0.000002	0.000000	0.000391
DHN_COGEN_WET_BIOMASS	0.000036	0.000000	0.001551
DHN_COGEN_BIO_HYDROLYSIS	0.000000	0.000000	0.000303
DHN_BOILER_GAS	0.000002	0.000000	0.000579
DHN_BOILER_WOOD	0.000001	0.000000	0.000356
DHN_BOILER_OIL	0.000001	0.000000	0.000180
DHN_DEEP_GEO	0.000000	0.000000	0.000000
DHN_SOLAR	0.000036	0.000000	0.000000
DEC_HP_ELEC	127.301696	0.000000	1341.443760
DEC_THHP_GAS	0.000306	0.000000	0.011486
DEC_COGEN_GAS	0.000023	0.000000	0.001535
DEC_COGEN_OIL	0.000029	0.000000	0.002502
DEC_ADVCOGEN_GAS	0.000015	0.000000	0.001223
DEC_ADVCOGEN_H2	0.000030	0.000000	0.000019
DEC_BOILER_GAS	0.000014	0.000000	0.000389
DEC_BOILER_WOOD	0.000010	0.000000	0.000805
DEC_BOILER_OIL	0.000011	0.000000	0.000622
DEC_SOLAR	0.000222	0.000000	0.000000
DEC_DIRECT_ELEC	0.000003	0.000000	0.000000
TRAMWAY_TROLLEY	5.701329	0.000000	0.000000
BUS_COACH_DIESEL	0.000003	0.000000	0.000061
BUS_COACH_HYDIESEL	0.000003	0.000000	0.000049
BUS_COACH_CNG_STOICH	0.009256	0.000000	0.148285
BUS_COACH_FC_HYBRIDH2	87.471643	0.000000	44.135401
BUS_COACH_ELECTRIC	4.589800	0.000000	2.315874
TRAIN_PUB	19.219648	0.000000	4.497481
CAR_GASOLINE	369.516648	0.000000	1534.498401
CAR_DIESEL	0.000002	0.000000	0.000015
CAR_NG	0.000004	0.000000	0.000027
CAR_METHANOL	0.000003	0.000000	0.000033
CAR_HEV	0.000003	0.000000	0.000024
CAR_PHEV	0.001466	0.000000	0.000870
CAR_BEV	3189.018181	0.000000	529.178805
CAR_FUEL_CELL	0.000008	0.000000	0.000003
TRAIN_FREIGHT	27.913923	0.000000	49.590468
BOAT_FREIGHT_DIESEL	0.000000	0.000000	0.000007
BOAT_FREIGHT_NG	0.000000	0.000000	0.000031
BOAT_FREIGHT_METHANOL	18.900348	0.000000	856.741854
TRUCK_DIESEL	218.372927	0.000000	2580.691825
TRUCK_METHANOL	0.000000	0.000000	0.000028
TRUCK_FUEL_CELL	352.091494	0.000000	7.019084
TRUCK_ELEC	0.000420	0.000000	0.000010
TRUCK_NG	0.000000	0.000000	0.000024
HABER_BOSCH	111.447833	0.000000	4.427200
SYN_METHANOLATION	0.000009	0.000000	0.000006
METHANE_TO_METHANOL	0.000007	0.000000	0.000026
BIOMASS_TO_METHANOL	0.000011	0.000000	0.000190
OIL_TO_HVC	0.000070	0.000000	0.000842
GAS_TO_HVC	29.561841	0.000000	229.049717
METHANOL_TO_HVC	147.549758	0.000000	0.000000
ADLIBIO_TO_HVC	40.585222	0.000000	2032.572535
PHS	511.774185	0.000000	0.000000
BATT_LI	4.449898	0.000000	0.000000
BEV_BATT	0.000000	0.000000	0.000000
PHEV_BATT	0.001250	0.000000	0.000000
TS_DEC_DIRECT_ELEC	0.000058	0.000000	0.000000
TS_DEC_HP_ELEC	18.611957	0.000000	0.000000
TS_DEC_THHP_GAS	0.000062	0.000000	0.000000
TS_DEC_COGEN_GAS	0.000058	0.000000	0.000000
TS_DEC_COGEN_OIL	0.000059	0.000000	0.000000
TS_DEC_ADVCOGEN_GAS	0.000058	0.000000	0.000000
TS_DEC_ADVCOGEN_H2	0.000059	0.000000	0.000000
TS_DEC_BOILER_GAS	0.000058	0.000000	0.000000
TS_DEC_BOILER_WOOD	0.000058	0.000000	0.000000
TS_DEC_BOILER_OIL	0.000058	0.000000	0.000000
TS_DHN_DAILY	0.000291	0.000000	0.000000
TS_DHN_SEASONAL	151.775811	0.000000	0.000000
TS_HIGH_TEMP	8.126299	0.000000	0.000000
GAS_STORAGE	0.080743	0.000000	0.000000
H2_STORAGE	1.787590	0.000000	0.000000
DIESEL_STORAGE	0.002671	0.000000	0.000000
GASOLINE_STORAGE	1.951151	0.000000	0.000000
LFO_STORAGE	0.002763	0.000000	0.000000
AMMONIA_STORAGE	0.013003	0.000000	0.000000
METHANOL_STORAGE	0.014199	0.000000	0.000000
CO2_STORAGE	0.000820	0.000000	0.000000
ADLIBIO_TO_FUEL	40.307396	0.000000	163.427486
AMMONIA_TO_H2	0.000002	0.000000	0.000000
ATM_CCS	0.000003	0.000000	-0.000126
BIO_HYDROLYSIS	14.759913	0.000000	10118.656442
BIOMETHANATION	0.000246	0.000000	0.009701
DHN	0.000000	0.000000	0.000000
EFFICIENCY	0.000000	0.000000	0.000000
GASIFICATION_SNG	0.000000	0.000000	0.000424
GRID	21.668862	0.000000	0.000000
H2_BIOMASS	0.000005	0.000000	0.000004
H2_ELECTROLYSIS	0.000020	0.000000	0.000000
INDUSTRY_CCS	0.000000	0.000000	0.000075
REDIFUEL	0.000009	0.000000	0.000140
SMR	0.000000	0.000000	0.000569
SYN_METHANATION	0.000001	0.000000	0.000000
AMMONIA	0.000000	-0.024249	0.000000
AMMONIA_RE_BE	0.000000	0.000000	0.000000
AMMONIA_RE_IMPORT	0.000000	434.812433	0.000000
BIODIESEL	0.000000	-0.000703	0.000000
BIODIESEL_BE	0.000000	0.000000	0.000000
BIOETHANOL	0.000000	-0.000073	0.000000
CO2_ATM	0.000000	0.000000	0.000000
CO2_CAPTURED	0.000000	0.000000	0.000000
CO2_EMISSIONS	0.000000	0.000000	0.000000
CO2_INDUSTRY	0.000000	0.000000	0.000000
COAL	0.000000	0.000184	0.000000
DIESEL	0.000000	334.806626	0.000000
ELEC_EXPORT	0.000000	0.000000	0.000000
ELECTRICITY	0.000000	795.463010	0.000000
GAS	0.000000	4479.062038	0.000000
GAS_RE_BE	0.000000	0.000000	0.000000
GAS_RE_IMPORT	0.000000	-0.000001	0.000000
GASOLINE	0.000000	0.000056	0.000000
H2	0.000000	0.000002	0.000000
H2_RE_BE	0.000000	0.000000	0.000000
H2_RE_IMPORT	0.000000	1928.787835	0.000000
LFO	0.000000	0.000109	0.000000
LFO_RE_BE	0.000000	0.000000	0.000000
METHANOL	0.000000	3302.274838	0.000000
METHANOL_RE_BE	0.000000	0.000000	0.000000
METHANOL_RE_IMPORT	0.000000	-0.000063	0.000000
RES_GEO	0.000000	0.000000	0.000000
RES_HYDRO	0.000000	0.000000	0.000000
RES_SOLAR	0.000000	0.000000	0.000000
RES_WIND	0.000000	0.000000	0.000000
URANIUM	0.000000	0.000000	0.000000
WASTE	0.000000	0.000000	0.000000
WET_BIOMASS	0.000000	-16238.229310	0.000000
WOOD	0.000000	-7511.419630	0.000000
WOOD_PRODUCTION	0.000000	-3378.031032	0.000000
