TECHNOLOGIES	 c_inv	 c_maint	 lifetime	  f_min	 f	 f_max	 fmin_perc	f_perc	 fmax_perc	 c_p	 c_p_max	 tau	 gwp_constr
 UNITS	[M€/GW]	 [M€/GW/y]	 [y]	 [GW or GWh]	 [GW or GWh]	 [GW or GWh]	 [0-1]	 [0-1]	 [0-1]	 [0-1]	 [0-1]	 [-]	 [ktCO2-eq./GW or GWh]
NUCLEAR	0.000000	0.000000	60.000000	0.000000	0.000000	0.000000	0.000000	0.000000	1.000000	0.000000	0.849000	0.025393	0.000000
CCGT	0.000950	0.000024	25.000000	0.000000	0.000001	Infinity	0.000000	0.000000	1.000000	0.004057	0.961540	0.048263	0.000233
CCGT_AMMONIA	0.008050	0.000204	25.000000	0.000000	0.000011	Infinity	0.000000	0.000000	1.000000	0.053835	0.630000	0.048263	0.001970
COAL_US	0.000000	0.000000	35.000000	0.000000	0.000000	0.000000	0.000000	0.000000	1.000000	0.000000	0.868000	0.036934	0.000000
COAL_IGCC	0.000000	0.000000	35.000000	0.000000	0.000000	0.000000	0.000000	0.000000	1.000000	0.000000	0.856000	0.036934	0.000000
PV	37809.865035	431.792268	25.000000	0.000000	59.174998	59.200000	0.000000	0.602956	1.000000	0.118064	1.000000	0.048263	123168.616292
WIND_ONSHORE	9788.200001	113.845000	30.000000	0.000000	10.000000	10.000000	0.000000	0.197590	1.000000	0.228946	1.000000	0.041639	6228.500000
WIND_OFFSHORE	27919.199999	194.247600	30.000000	0.000000	6.000000	6.000000	0.000000	0.194715	1.000000	0.376026	1.000000	0.041639	3737.100000
HYDRO_RIVER	580.165799	5.801152	40.000000	0.000000	0.115000	0.115000	0.000000	0.004738	1.000000	0.477369	1.000000	0.033427	145.224300
GEOTHERMAL	0.000000	0.000000	30.000000	0.000000	0.000000	0.000000	0.000000	0.000000	1.000000	0.000000	0.950000	0.041639	0.000000
IND_COGEN_GAS	7984.839464	513.256068	25.000000	0.000000	6.096228	Infinity	0.000000	0.594064	1.000000	0.788952	0.850000	0.048263	6244.488288
IND_COGEN_WOOD	0.000520	0.000019	25.000000	0.000000	0.000001	Infinity	0.000000	0.000000	1.000000	0.002124	0.850000	0.048263	0.000085
IND_COGEN_WASTE	0.000390	0.000014	25.000000	0.000000	0.000000	Infinity	0.000000	0.000000	1.000000	0.000157	0.850000	0.048263	0.000095
IND_BOILER_GAS	151.295089	3.031271	17.000000	0.000000	2.569113	Infinity	0.000000	0.054992	1.000000	0.173298	0.950000	0.067080	31.651477
IND_BOILER_WOOD	0.000359	0.000007	17.000000	0.000000	0.000003	Infinity	0.000000	0.000000	1.000000	0.002125	0.900000	0.067080	0.000090
IND_BOILER_OIL	0.000311	0.000007	17.000000	0.000000	0.000006	Infinity	0.000000	0.000000	1.000000	0.000285	0.950000	0.067080	0.000070
IND_BOILER_COAL	0.000534	0.000011	17.000000	0.000000	0.000005	Infinity	0.000000	0.000000	1.000000	0.008669	0.900000	0.067080	0.000223
IND_BOILER_WASTE	254.185678	5.083692	17.000000	0.000000	2.206856	Infinity	0.000000	0.205805	1.000000	0.755023	0.900000	0.067080	63.711934
IND_DIRECT_ELEC	4284.838669	19.437779	15.000000	0.000000	12.892937	Infinity	0.000000	0.145140	1.000000	0.091141	0.950000	0.074944	18.952617
DHN_HP_ELEC	2321.099718	78.706156	25.000000	0.000000	7.304109	Infinity	0.000000	0.945139	1.000000	0.663062	0.950000	0.048263	1276.685190
DHN_COGEN_GAS	602.998733	17.630338	25.000000	0.000000	0.516722	Infinity	0.000000	0.054861	1.000000	0.544044	0.850000	0.048263	253.648353
DHN_COGEN_WOOD	0.000276	0.000010	25.000000	0.000000	0.000000	Infinity	0.000000	0.000000	1.000000	0.000400	0.850000	0.048263	0.000045
DHN_COGEN_WASTE	0.000348	0.000013	25.000000	0.000000	0.000000	Infinity	0.000000	0.000000	1.000000	0.000121	0.850000	0.048263	0.000085
DHN_COGEN_WET_BIOMASS	0.000184	0.000015	25.000000	0.000000	0.000000	Infinity	0.000000	0.000000	1.000000	0.000283	0.750000	0.048263	0.000147
DHN_COGEN_BIO_HYDROLYSIS	0.000197	0.000010	15.000000	0.000000	0.000000	Infinity	0.000000	0.000000	1.000000	0.000078	0.850000	0.074944	0.000030
DHN_BOILER_GAS	0.000069	0.000001	17.000000	0.000000	0.000001	Infinity	0.000000	0.000000	1.000000	0.000413	0.950000	0.067080	0.000014
DHN_BOILER_WOOD	0.000105	0.000002	17.000000	0.000000	0.000001	Infinity	0.000000	0.000000	1.000000	0.000478	0.900000	0.067080	0.000026
DHN_BOILER_OIL	0.000054	0.000001	17.000000	0.000000	0.000001	Infinity	0.000000	0.000000	1.000000	0.000201	0.950000	0.067080	0.000012
DHN_DEEP_GEO	0.000000	0.000000	30.000000	0.000000	0.000000	0.000000	0.000000	0.000000	1.000000	0.000000	0.850000	0.041639	0.000000
DHN_SOLAR	0.000078	0.000000	30.000000	0.000000	0.000000	Infinity	0.000000	0.000000	1.000000	0.000130	1.000000	0.041639	0.000050
DEC_HP_ELEC	8432.224022	351.580961	18.000000	0.000000	18.592428	Infinity	0.000000	1.000000	1.000000	0.450868	1.000000	0.063806	3065.705508
DEC_THHP_GAS	0.001888	0.000055	20.000000	0.000000	0.000006	Infinity	0.000000	0.000000	1.000000	0.026022	1.000000	0.058246	0.002478
DEC_COGEN_GAS	0.000619	0.000040	20.000000	0.000000	0.000000	Infinity	0.000000	0.000000	1.000000	0.001237	1.000000	0.058246	0.000484
DEC_COGEN_OIL	0.000417	0.000026	20.000000	0.000000	0.000000	Infinity	0.000000	0.000000	1.000000	0.000179	1.000000	0.058246	0.000352
DEC_ADVCOGEN_GAS	0.001086	0.000020	20.000000	0.000000	0.000000	Infinity	0.000000	0.000000	1.000000	0.000598	1.000000	0.058246	0.000421
DEC_ADVCOGEN_H2	0.001552	0.000029	20.000000	0.000000	0.000000	Infinity	0.000000	0.000000	1.000000	0.001074	1.000000	0.058246	0.000602
DEC_BOILER_GAS	0.000574	0.000017	17.000000	0.000000	0.000004	Infinity	0.000000	0.000000	1.000000	0.000685	1.000000	0.067080	0.000076
DEC_BOILER_WOOD	0.000509	0.000018	17.000000	0.000000	0.000001	Infinity	0.000000	0.000000	1.000000	0.000650	1.000000	0.067080	0.000023
DEC_BOILER_OIL	0.000425	0.000025	17.000000	0.000000	0.000003	Infinity	0.000000	0.000000	1.000000	0.000296	1.000000	0.067080	0.000063
DEC_SOLAR	0.001423	0.000016	20.000000	0.000000	0.000002	Infinity	0.000000	0.000000	1.000000	0.001306	1.000000	0.058246	0.000457
DEC_DIRECT_ELEC	0.000688	0.000003	15.000000	0.000000	0.000018	Infinity	0.000000	0.000000	1.000000	0.000898	1.000000	0.074944	0.000027
TRAMWAY_TROLLEY	4977.081437	99.541629	30.000000	0.000000	7.963330	Infinity	0.000000	0.300000	0.300000	0.342470	0.342470	0.041639	0.000000
BUS_COACH_DIESEL	0.000060	0.000003	15.000000	0.000000	0.000000	Infinity	0.000000	0.000000	1.000000	0.000289	0.296800	0.074944	0.000000
BUS_COACH_HYDIESEL	0.000127	0.000005	15.000000	0.000000	0.000000	Infinity	0.000000	0.000000	1.000000	0.000452	0.296800	0.074944	0.000000
BUS_COACH_CNG_STOICH	0.000185	0.000009	15.000000	0.000000	0.000000	Infinity	0.000000	0.000000	1.000000	0.000881	0.296800	0.074944	0.000000
BUS_COACH_FC_HYBRIDH2	0.000408	0.000016	15.000000	0.000000	0.000001	Infinity	0.000000	0.000000	1.000000	0.001798	0.296800	0.074944	0.000000
BUS_COACH_ELECTRIC	5152.702227	227.554259	15.000000	0.000000	7.281736	Infinity	0.000000	0.237740	1.000000	0.296800	0.296800	0.074944	0.000000
TRAIN_PUB	23007.502787	830.347470	40.000000	0.000000	15.277023	Infinity	0.000000	0.462260	0.500000	0.275070	0.275070	0.033427	0.000000
CAR_GASOLINE	0.000049	0.000003	10.000000	0.000000	0.000000	Infinity	0.000000	0.000000	1.000000	0.000063	0.051370	0.108434	0.000000
CAR_DIESEL	0.000032	0.000002	10.000000	0.000000	0.000000	Infinity	0.000000	0.000000	1.000000	0.000044	0.051370	0.108434	0.000000
CAR_NG	0.000043	0.000002	10.000000	0.000000	0.000000	Infinity	0.000000	0.000000	1.000000	0.000057	0.051370	0.108434	0.000000
CAR_METHANOL	0.000030	0.000002	10.000000	0.000000	0.000000	Infinity	0.000000	0.000000	1.000000	0.000043	0.051370	0.108434	0.000000
CAR_HEV	0.000035	0.000003	10.000000	0.000000	0.000000	Infinity	0.000000	0.000000	1.000000	0.000048	0.051370	0.108434	0.000000
CAR_PHEV	0.014699	0.001083	10.000000	0.000000	0.000032	Infinity	0.000000	0.000000	1.000000	0.010801	0.051370	0.108434	0.000000
CAR_BEV	73381.908365	1769.645944	10.000000	0.000000	176.964594	Infinity	0.000000	1.000000	1.000000	0.051370	0.051370	0.108434	0.000000
CAR_FUEL_CELL	0.000053	0.000001	10.000000	0.000000	0.000000	Infinity	0.000000	0.000000	1.000000	0.000179	0.051370	0.108434	0.000000
TRAIN_FREIGHT	807.210501	16.143514	40.000000	0.000000	7.730420	Infinity	0.000000	1.000000	1.000000	0.342470	0.342470	0.033427	0.000000
BOAT_FREIGHT_DIESEL	0.002104	0.000102	40.000000	0.000000	0.000027	Infinity	0.000000	0.000001	1.000000	0.030414	0.114160	0.033427	0.000000
BOAT_FREIGHT_NG	2184.550921	106.289951	40.000000	0.000000	27.828674	Infinity	0.000000	0.999999	1.000000	0.114160	0.114160	0.033427	0.000000
BOAT_FREIGHT_METHANOL	0.000041	0.000002	40.000000	0.000000	0.000001	Infinity	0.000000	0.000000	1.000000	0.000590	0.114160	0.033427	0.000000
TRUCK_DIESEL	0.000025	0.000001	15.000000	0.000000	0.000000	Infinity	0.000000	0.000000	1.000000	0.000065	0.092590	0.074944	0.000000
TRUCK_METHANOL	0.000004	0.000000	15.000000	0.000000	0.000000	Infinity	0.000000	0.000000	1.000000	0.000015	0.092590	0.074944	0.000000
TRUCK_FUEL_CELL	24651.978038	621.044769	15.000000	0.000000	51.467656	Infinity	0.000000	1.000000	1.000000	0.092590	0.092590	0.074944	0.000000
TRUCK_ELEC	0.000104	0.000006	15.000000	0.000000	0.000000	Infinity	0.000000	0.000000	1.000000	0.000602	0.092590	0.074944	0.000000
TRUCK_NG	0.000007	0.000000	15.000000	0.000000	0.000000	Infinity	0.000000	0.000000	1.000000	0.000019	0.092590	0.074944	0.000000
HABER_BOSCH	0.000301	0.000006	20.000000	0.000000	0.000000	Infinity	0.000000	1.000000	1.000000	0.000516	1.000000	0.058246	0.000000
SYN_METHANOLATION	0.000326	0.000009	20.000000	0.000000	0.000000	Infinity	0.000000	0.000000	1.000000	0.000625	0.950000	0.058246	0.000000
METHANE_TO_METHANOL	3415.889859	149.364193	25.000000	0.000000	6.253918	Infinity	0.000000	1.000000	1.000000	0.269084	0.850000	0.048263	0.000000
BIOMASS_TO_METHANOL	0.000375	0.000006	20.000000	0.000000	0.000000	Infinity	0.000000	0.000000	1.000000	0.000647	1.000000	0.058246	0.000000
OIL_TO_HVC	0.000325	0.000002	20.000000	0.000000	0.000001	Infinity	0.000000	0.000000	1.000000	0.000213	1.000000	0.058246	0.000000
GAS_TO_HVC	0.000000	0.000000	20.000000	0.000000	0.000000	0.000000	0.000000	0.000000	1.000000	0.000000	1.000000	0.058246	0.000000
METHANOL_TO_HVC	3155.376126	283.982384	20.000000	0.000000	4.892056	Infinity	0.000000	1.000000	1.000000	1.000000	1.000000	0.058246	0.000000
ADLIBIO_TO_FUEL	0.001268	0.000023	20.000000	0.000000	0.000002	Infinity	0.000000	0.000000	1.000000	0.019456	1.000000	0.058246	0.002170
PHS	294.001289	0.000000	50.000000	5.000000	5.000022	6.500000	0.000000	-1.000000	1.000000	0.020214	1.000000	0.028572	
BATT_LI	893.661548	1.381622	15.000000	0.000000	5.704465	Infinity	0.000000	-1.000000	1.000000	0.024235	1.000000	0.074944	
BEV_BATT	0.000000	0.000000	1.000000	0.000000	175.560114	Infinity	0.000000	-1.000000	1.000000	0.003875	1.000000	1.015000	
PHEV_BATT	0.000000	0.000000	1.000000	0.000000	0.000006	Infinity	0.000000	-1.000000	1.000000	0.000462	1.000000	1.015000	
TS_DEC_DIRECT_ELEC	0.001662	0.000012	20.000000	0.000000	0.000088	Infinity	0.000000	-1.000000	1.000000	0.000645	1.000000	0.058246	
TS_DEC_HP_ELEC	1126.129735	7.883502	20.000000	0.000000	59.363718	Infinity	0.000000	-1.000000	1.000000	0.030930	1.000000	0.058246	
TS_DEC_THHP_GAS	0.001711	0.000012	20.000000	0.000000	0.000090	Infinity	0.000000	-1.000000	1.000000	0.006735	1.000000	0.058246	
TS_DEC_COGEN_GAS	0.001670	0.000012	20.000000	0.000000	0.000088	Infinity	0.000000	-1.000000	1.000000	0.000433	1.000000	0.058246	
TS_DEC_COGEN_OIL	0.001660	0.000012	20.000000	0.000000	0.000088	Infinity	0.000000	-1.000000	1.000000	0.000245	1.000000	0.058246	
TS_DEC_ADVCOGEN_GAS	0.001657	0.000012	20.000000	0.000000	0.000087	Infinity	0.000000	-1.000000	1.000000	0.000372	1.000000	0.058246	
TS_DEC_ADVCOGEN_H2	0.001668	0.000012	20.000000	0.000000	0.000088	Infinity	0.000000	-1.000000	1.000000	0.000394	1.000000	0.058246	
TS_DEC_BOILER_GAS	0.001668	0.000012	20.000000	0.000000	0.000088	Infinity	0.000000	-1.000000	1.000000	0.000431	1.000000	0.058246	
TS_DEC_BOILER_WOOD	0.001671	0.000012	20.000000	0.000000	0.000088	Infinity	0.000000	-1.000000	1.000000	0.000389	1.000000	0.058246	
TS_DEC_BOILER_OIL	0.001665	0.000012	20.000000	0.000000	0.000088	Infinity	0.000000	-1.000000	1.000000	0.000316	1.000000	0.058246	
TS_DHN_DAILY	0.004507	0.000013	40.000000	0.000000	0.001502	Infinity	0.000000	-1.000000	1.000000	0.000926	1.000000	0.033427	
TS_DHN_SEASONAL	466.790008	2.540415	25.000000	0.000000	897.673092	Infinity	0.000000	-1.000000	1.000000	0.001615	1.000000	0.048263	
TS_HIGH_TEMP	1651.391641	17.674545	25.000000	0.000000	58.915150	Infinity	0.000000	-1.000000	1.000000	0.011838	1.000000	0.048263	
GAS_STORAGE	0.001353	0.000035	50.000000	0.000000	0.027066	Infinity	0.000000	-1.000000	1.000000	0.000140	1.000000	0.028572	
H2_STORAGE	0.931963	0.058718	20.000000	0.000000	0.150559	Infinity	0.000000	-1.000000	1.000000	0.022254	1.000000	0.058246	
DIESEL_STORAGE	0.013294	0.000532	20.000000	0.000000	1.329367	Infinity	0.000000	-1.000000	1.000000	0.000000	1.000000	0.058246	
GASOLINE_STORAGE	0.013480	0.000539	20.000000	0.000000	1.347962	Infinity	0.000000	-1.000000	1.000000	0.000000	1.000000	0.058246	
LFO_STORAGE	0.012686	0.000507	20.000000	0.000000	1.268590	Infinity	0.000000	-1.000000	1.000000	0.000000	1.000000	0.058246	
AMMONIA_STORAGE	0.000027	0.000001	20.000000	0.000000	0.002725	Infinity	0.000000	-1.000000	1.000000	0.000015	1.000000	0.058246	
METHANOL_STORAGE	0.000001	0.000000	20.000000	0.000000	0.000117	Infinity	0.000000	-1.000000	1.000000	0.000098	1.000000	0.058246	
CO2_STORAGE	0.027086	0.000271	30.000000	0.000000	0.000547	Infinity	0.000000	-1.000000	1.000000	0.000020	1.000000	0.041639	
ADLIBIO_TO_HVC	0.000358	0.000008	20.000000	0.000000	0.000001	Infinity	0.000000	-1.000000	1.000000	0.000561	1.000000	0.058246	
AMMONIA_TO_H2	0.000233	0.000022	25.000000	0.000000	0.000000	Infinity	0.000000	-1.000000	1.000000	0.000644	0.860000	0.048263	
ATM_CCS	0.000470	0.000012	40.000000	0.000000	0.000000	Infinity	0.000000	-1.000000	1.000000	0.000332	1.000000	0.033427	
BIO_HYDROLYSIS	3256.196416	222.011081	15.000000	0.000000	2.211023	Infinity	0.000000	-1.000000	1.000000	0.849557	0.850000	0.074944	
BIOMETHANATION	0.000691	0.000010	20.000000	0.000000	0.000001	Infinity	0.000000	-1.000000	1.000000	0.003141	0.850000	0.058246	
DHN	6459.071162	0.000000	60.000000	0.000000	7.820835	Infinity	0.000000	-1.000000	1.000000	0.000000	1.000000	0.025393	
EFFICIENCY	5517.241379	0.000000	1.000000	0.000000	0.985222	Infinity	0.000000	-1.000000	1.000000	0.000000	1.000000	1.015000	
GASIFICATION_SNG	0.000260	0.000018	25.000000	0.000000	0.000000	Infinity	0.000000	-1.000000	1.000000	0.000564	0.850000	0.048263	
GRID	102568.424301	0.000000	80.000000	0.000000	1.369056	Infinity	0.000000	-1.000000	1.000000	0.000000	1.000000	0.021548	
H2_BIOMASS	4504.548146	317.341858	25.000000	0.000000	2.548153	Infinity	0.000000	-1.000000	1.000000	0.860000	0.860000	0.048263	
H2_ELECTROLYSIS	0.001820	0.000050	15.000000	0.000000	0.000004	Infinity	0.000000	-1.000000	1.000000	0.003266	0.900000	0.074944	
INDUSTRY_CCS	0.000419	0.000010	40.000000	0.000000	0.000000	Infinity	0.000000	-1.000000	1.000000	0.000357	1.000000	0.033427	
REDIFUEL	0.000492	0.000013	20.000000	0.000000	0.000000	Infinity	0.000000	-1.000000	1.000000	0.000127	1.000000	0.058246	
SMR	0.000307	0.000028	25.000000	0.000000	0.000000	Infinity	0.000000	-1.000000	1.000000	0.000846	0.860000	0.048263	
SYN_METHANATION	0.000119	0.000030	40.000000	0.000000	0.000001	Infinity	0.000000	-1.000000	1.000000	0.001188	1.000000	0.033427	