TECHNOLOGIES	 c_inv	 c_maint	 lifetime	  f_min	 f	 f_max	 fmin_perc	f_perc	 fmax_perc	 c_p	 c_p_max	 tau	 gwp_constr
 UNITS	[M€/GW]	 [M€/GW/y]	 [y]	 [GW or GWh]	 [GW or GWh]	 [GW or GWh]	 [0-1]	 [0-1]	 [0-1]	 [0-1]	 [0-1]	 [-]	 [ktCO2-eq./GW or GWh]
NUCLEAR	21316.680449	452.800081	60.000000	0.000000	4.399065	Infinity	0.000000	0.320982	1.000000	0.849000	0.849000	0.025393	3114.010016
CCGT	1091.417128	27.642052	25.000000	0.000000	1.321392	Infinity	0.000000	0.019990	1.000000	0.176025	0.961540	0.048263	242.858678
CCGT_AMMONIA	0.000445	0.000011	25.000000	0.000000	0.000001	Infinity	0.000000	0.000000	1.000000	0.000087	0.630000	0.048263	0.000099
COAL_US	0.000844	0.000010	35.000000	0.000000	0.000000	Infinity	0.000000	0.000000	1.000000	0.000545	0.868000	0.036934	0.000108
COAL_IGCC	0.000811	0.000012	35.000000	0.000000	0.000000	Infinity	0.000000	0.000000	1.000000	0.000544	0.856000	0.036934	0.000080
PV	67146.750002	766.822591	25.000000	55.000000	55.000000	59.200000	0.000000	0.561117	1.000000	0.118708	1.000000	0.048263	114478.650003
WIND_ONSHORE	7076.211557	82.301840	30.000000	0.000000	6.196549	10.000000	0.000000	0.097911	1.000000	0.183852	1.000000	0.041639	3859.520796
WIND_OFFSHORE	0.000889	0.000006	30.000000	0.000000	0.000000	6.000000	0.000000	0.000000	1.000000	0.003166	1.000000	0.041639	0.000103
HYDRO_RIVER	0.002560	0.000026	40.000000	0.000000	0.000001	0.115000	0.000000	0.000000	1.000000	0.007407	1.000000	0.033427	0.000641
GEOTHERMAL	0.000151	0.000003	30.000000	0.000000	0.000000	Infinity	0.000000	0.000000	1.000000	0.002541	0.950000	0.041639	0.000429
IND_COGEN_GAS	1313.348959	84.420548	25.000000	0.000000	0.859465	Infinity	0.086000	0.086000	1.000000	0.679040	0.850000	0.048263	880.367519
IND_COGEN_WOOD	0.000002	0.000000	25.000000	0.000000	0.000000	Infinity	0.000000	0.000000	0.000000	0.000000	0.850000	0.048263	0.000000
IND_COGEN_WASTE	1491.871712	54.998167	25.000000	0.000000	0.468713	Infinity	0.056000	0.056000	1.000000	0.810785	0.850000	0.048263	303.641741
IND_BOILER_GAS	439.984185	8.815018	17.000000	0.000000	6.225898	Infinity	0.358000	0.358000	1.000000	0.390217	0.950000	0.067080	76.703059
IND_BOILER_WOOD	0.000001	0.000000	17.000000	0.000000	0.000000	Infinity	0.000000	0.000000	0.000000	0.000000	0.900000	0.067080	0.000000
IND_BOILER_OIL	220.416455	4.740688	17.000000	0.000000	3.348268	Infinity	0.200000	0.200000	1.000000	0.405354	0.950000	0.067080	41.250657
IND_BOILER_COAL	406.881176	8.137340	17.000000	0.000000	2.943721	Infinity	0.300000	0.300000	1.000000	0.691591	0.900000	0.067080	141.828499
IND_BOILER_WASTE	0.000001	0.000000	17.000000	0.000000	0.000000	Infinity	0.000000	0.000000	0.000000	0.000000	0.900000	0.067080	0.000000
IND_DIRECT_ELEC	0.000002	0.000000	15.000000	0.000000	0.000000	Infinity	0.000000	0.000000	0.000000	0.000000	0.950000	0.074944	0.000000
DHN_HP_ELEC	276.121552	9.362930	25.000000	0.000000	0.697752	Infinity	0.044000	0.053000	1.000000	0.287380	0.950000	0.048263	121.960140
DHN_COGEN_GAS	4849.170713	141.779623	25.000000	0.000000	3.561743	Infinity	0.594000	0.594000	1.000000	0.630965	0.850000	0.048263	1748.388436
DHN_COGEN_WOOD	1053.196022	38.560168	25.000000	0.000000	0.897904	Infinity	0.066000	0.066000	1.000000	0.278097	0.850000	0.048263	148.450401
DHN_COGEN_WASTE	3156.787941	116.375656	25.000000	0.000000	0.991793	Infinity	0.141000	0.141000	1.000000	0.537873	0.850000	0.048263	642.503358
DHN_COGEN_WET_BIOMASS	0.000000	0.000000	25.000000	0.000000	0.000000	Infinity	0.000000	0.000000	0.000000	0.000000	0.750000	0.048263	0.000000
DHN_COGEN_BIO_HYDROLYSIS	0.000001	0.000000	15.000000	0.000000	0.000000	Infinity	0.000000	0.000000	0.000000	0.000000	0.850000	0.074944	0.000000
DHN_BOILER_GAS	153.092212	3.067180	17.000000	0.000000	2.166297	Infinity	0.139000	0.139000	1.000000	0.242761	0.950000	0.067080	26.688780
DHN_BOILER_WOOD	0.000001	0.000000	17.000000	0.000000	0.000000	Infinity	0.000000	0.000000	0.000000	0.000000	0.900000	0.067080	0.000000
DHN_BOILER_OIL	7.099570	0.152697	17.000000	0.000000	0.107847	Infinity	0.007000	0.007000	1.000000	0.245568	0.950000	0.067080	1.328675
DHN_DEEP_GEO	0.000000	0.000000	30.000000	0.000000	0.000000	0.000000	0.000000	0.000000	0.000000	0.000000	0.850000	0.041639	0.000000
DHN_SOLAR	0.000003	0.000000	30.000000	0.000000	0.000000	Infinity	0.000000	0.000000	1.000000	0.000073	1.000000	0.041639	0.000002
DEC_HP_ELEC	157.825502	6.580449	18.000000	0.000000	0.279446	Infinity	0.011000	0.011000	1.000000	0.433867	1.000000	0.063806	46.077848
DEC_THHP_GAS	0.000001	0.000000	20.000000	0.000000	0.000000	Infinity	0.000000	0.000000	0.000000	0.000000	1.000000	0.058246	0.000001
DEC_COGEN_GAS	267.581654	17.199838	20.000000	0.000000	0.175107	Infinity	0.007000	0.007000	1.000000	0.440611	1.000000	0.058246	179.366036
DEC_COGEN_OIL	0.000001	0.000000	20.000000	0.000000	0.000000	Infinity	0.000000	0.000000	0.000000	0.000000	1.000000	0.058246	0.000001
DEC_ADVCOGEN_GAS	0.000002	0.000000	20.000000	0.000000	0.000000	Infinity	0.000000	0.000000	0.000000	0.000000	1.000000	0.058246	0.000000
DEC_ADVCOGEN_H2	0.000000	0.000000	20.000000	0.000000	0.000000	Infinity	0.000000	0.000000	0.000000	0.000000	1.000000	0.058246	0.000000
DEC_BOILER_GAS	2035.324090	61.072558	17.000000	0.000000	10.698718	Infinity	0.396000	0.396000	1.000000	0.407967	1.000000	0.067080	225.635960
DEC_BOILER_WOOD	1393.063128	48.744654	17.000000	0.000000	2.510340	Infinity	0.100000	0.100000	1.000000	0.439065	1.000000	0.067080	52.943076
DEC_BOILER_OIL	2420.679547	145.191903	17.000000	0.000000	14.167620	Infinity	0.484000	0.484000	1.000000	0.376539	1.000000	0.067080	298.795105
DEC_SOLAR	253.798358	2.815944	20.000000	0.000000	0.335021	Infinity	0.002000	0.002000	1.000000	0.065799	1.000000	0.058246	74.113302
DEC_DIRECT_ELEC	0.000002	0.000000	15.000000	0.000000	0.000000	Infinity	0.000000	0.000000	0.000000	0.000000	1.000000	0.074944	0.000000
TRAMWAY_TROLLEY	5485.005636	109.700113	30.000000	0.000000	8.776009	Infinity	0.050000	0.480000	1.000000	0.342470	0.342470	0.041639	0.000000
BUS_COACH_DIESEL	0.000015	0.000001	15.000000	0.000000	0.000000	Infinity	0.000000	0.000000	1.000000	0.000007	0.296800	0.074944	0.000000
BUS_COACH_HYDIESEL	0.000001	0.000000	15.000000	0.000000	0.000000	Infinity	0.000000	0.000000	0.000000	0.000000	0.296800	0.074944	0.000000
BUS_COACH_CNG_STOICH	138.852132	7.251990	15.000000	0.000000	1.898703	Infinity	0.090000	0.090000	1.000000	0.296800	0.296800	0.074944	0.000000
BUS_COACH_FC_HYBRIDH2	0.000001	0.000000	15.000000	0.000000	0.000000	Infinity	0.000000	0.000000	0.000000	0.000000	0.296800	0.074944	0.000000
BUS_COACH_ELECTRIC	0.000010	0.000001	15.000000	0.000000	0.000000	Infinity	0.000000	0.000000	1.000000	0.001044	0.296800	0.074944	0.000000
TRAIN_PUB	14741.250681	532.016509	40.000000	0.000000	9.788217	Infinity	0.430000	0.430000	1.000000	0.275070	0.275070	0.033427	0.000000
CAR_GASOLINE	20880.959062	1260.832308	10.000000	0.000000	52.534680	Infinity	0.431000	0.431000	1.000000	0.051370	0.051370	0.108434	0.000000
CAR_DIESEL	27143.917643	1585.547797	10.000000	0.000000	66.064492	Infinity	0.542000	0.542000	1.000000	0.051370	0.051370	0.108434	0.000000
CAR_NG	100.207388	5.850672	10.000000	0.000000	0.243778	Infinity	0.001000	0.002000	1.000000	0.051370	0.051370	0.108434	0.000000
CAR_METHANOL	0.000001	0.000000	10.000000	0.000000	0.000000	Infinity	0.000000	0.000000	0.000000	0.000000	0.051370	0.108434	0.000000
CAR_HEV	826.630085	66.308269	10.000000	0.000000	1.950243	Infinity	0.016000	0.016000	1.000000	0.051370	0.051370	0.108434	0.000000
CAR_PHEV	0.009372	0.000673	10.000000	0.000000	0.000020	Infinity	0.000000	0.000000	0.000000	0.000000	0.051370	0.108434	0.000000
CAR_BEV	673.193384	10.970136	10.000000	0.000000	1.097014	Infinity	0.009000	0.009000	1.000000	0.051370	0.051370	0.108434	0.000000
CAR_FUEL_CELL	0.000001	0.000000	10.000000	0.000000	0.000000	Infinity	0.000000	0.000000	0.000000	0.000000	0.051370	0.108434	0.000000
TRAIN_FREIGHT	602.026461	12.040020	40.000000	0.000000	5.765432	Infinity	0.000000	1.000000	1.000000	0.342470	0.342470	0.033427	0.000000
BOAT_FREIGHT_DIESEL	10015.397180	138.737415	40.000000	0.000000	8.924629	Infinity	0.430000	0.430000	1.000000	0.114160	0.114160	0.033427	0.000000
BOAT_FREIGHT_NG	0.000002	0.000000	40.000000	0.000000	0.000000	Infinity	0.000000	0.000000	0.000000	0.000000	0.114160	0.033427	0.000000
BOAT_FREIGHT_METHANOL	854.622477	45.185258	40.000000	0.000000	11.830322	Infinity	0.000000	0.570000	1.000000	0.114160	0.114160	0.033427	0.000000
TRUCK_DIESEL	12434.677858	657.413328	15.000000	0.000000	35.429461	Infinity	0.923000	0.923000	1.000000	0.092590	0.092590	0.074944	0.000000
TRUCK_METHANOL	0.000001	0.000000	15.000000	0.000000	0.000000	Infinity	0.000000	0.000000	0.000000	0.000000	0.092590	0.074944	0.000000
TRUCK_FUEL_CELL	0.000001	0.000000	15.000000	0.000000	0.000000	Infinity	0.000000	0.000000	0.000000	0.000000	0.092590	0.074944	0.000000
TRUCK_ELEC	0.000001	0.000000	15.000000	0.000000	0.000000	Infinity	0.000000	0.000000	0.000000	0.000000	0.092590	0.074944	0.000000
TRUCK_NG	1050.084644	54.843796	15.000000	0.000000	2.955654	Infinity	0.060000	0.077000	1.000000	0.092590	0.092590	0.074944	0.000000
HABER_BOSCH	1087.053455	21.253445	20.000000	0.000000	1.127684	Infinity	0.000000	1.000000	1.000000	0.998999	1.000000	0.058246	0.000000
SYN_METHANOLATION	0.000048	0.000001	20.000000	0.000000	0.000000	Infinity	0.000000	0.000000	1.000000	0.000355	0.950000	0.058246	0.000000
METHANE_TO_METHANOL	516.074335	22.565923	25.000000	0.000000	0.341509	Infinity	0.000000	1.000000	1.000000	0.606034	0.850000	0.048263	0.000000
BIOMASS_TO_METHANOL	0.000038	0.000001	20.000000	0.000000	0.000000	Infinity	0.000000	0.000000	1.000000	0.000025	1.000000	0.058246	0.000000
OIL_TO_HVC	390.723977	2.077270	20.000000	0.000000	0.869145	Infinity	0.000000	0.043673	1.000000	0.229905	1.000000	0.058246	0.000000
GAS_TO_HVC	4153.267577	103.831700	20.000000	0.000000	4.575343	Infinity	0.000000	0.956327	1.000000	0.956327	1.000000	0.058246	0.000000
METHANOL_TO_HVC	0.000000	0.000000	20.000000	0.000000	0.000000	Infinity	0.000000	0.000000	0.000000	0.000000	1.000000	0.058246	0.000000
ADLIBIO_TO_HVC	0.000000	0.000000	20.000000	0.000000	0.000000	0.000000	0.000000	0.000000	0.000000	0.000000	1.000000	0.058246	0.000000
PHS	294.000007	0.000000	50.000000	5.000000	5.000000	6.500000	0.000000	-1.000000	1.000000	0.050964	1.000000	0.028572	
BATT_LI	0.009486	0.000015	15.000000	0.000000	0.000019	Infinity	0.000000	-1.000000	1.000000	0.011701	1.000000	0.074944	
BEV_BATT	0.000000	0.000000	1.000000	0.000000	1.088307	Infinity	0.000000	-1.000000	1.000000	0.006374	1.000000	1.015000	
PHEV_BATT	0.000000	0.000000	1.000000	0.000000	0.000004	Infinity	0.000000	-1.000000	1.000000	0.000190	1.000000	1.015000	
TS_DEC_DIRECT_ELEC	0.001349	0.000009	20.000000	0.000000	0.000071	Infinity	0.000000	-1.000000	1.000000	0.000043	1.000000	0.058246	
TS_DEC_HP_ELEC	16.725417	0.117089	20.000000	0.000000	0.881677	Infinity	0.000000	-1.000000	1.000000	0.032575	1.000000	0.058246	
TS_DEC_THHP_GAS	0.001349	0.000009	20.000000	0.000000	0.000071	Infinity	0.000000	-1.000000	1.000000	0.000043	1.000000	0.058246	
TS_DEC_COGEN_GAS	10.034585	0.070249	20.000000	0.000000	0.528971	Infinity	0.000000	-1.000000	1.000000	0.043414	1.000000	0.058246	
TS_DEC_COGEN_OIL	0.001349	0.000009	20.000000	0.000000	0.000071	Infinity	0.000000	-1.000000	1.000000	0.000043	1.000000	0.058246	
TS_DEC_ADVCOGEN_GAS	0.001349	0.000009	20.000000	0.000000	0.000071	Infinity	0.000000	-1.000000	1.000000	0.000043	1.000000	0.058246	
TS_DEC_ADVCOGEN_H2	0.001349	0.000009	20.000000	0.000000	0.000071	Infinity	0.000000	-1.000000	1.000000	0.000043	1.000000	0.058246	
TS_DEC_BOILER_GAS	301.785476	2.112700	20.000000	0.000000	15.908565	Infinity	0.000000	-1.000000	1.000000	0.039844	1.000000	0.058246	
TS_DEC_BOILER_WOOD	59.222201	0.414595	20.000000	0.000000	3.121887	Infinity	0.000000	-1.000000	1.000000	0.039425	1.000000	0.058246	
TS_DEC_BOILER_OIL	29.211215	0.204498	20.000000	0.000000	1.539864	Infinity	0.000000	-1.000000	1.000000	0.032133	1.000000	0.058246	
TS_DHN_DAILY	179.724199	0.515209	40.000000	0.000000	59.908066	Infinity	0.000000	-1.000000	1.000000	0.005061	1.000000	0.033427	
TS_DHN_SEASONAL	29.573289	0.161511	25.000000	0.000000	50.124219	Infinity	0.000000	-1.000000	1.000000	0.003067	1.000000	0.048263	
TS_HIGH_TEMP	96.436739	1.032145	25.000000	0.000000	3.440483	Infinity	0.000000	-1.000000	1.000000	0.046372	1.000000	0.048263	
GAS_STORAGE	0.000828	0.000022	50.000000	0.000000	0.016553	Infinity	0.000000	-1.000000	1.000000	0.000264	1.000000	0.028572	
H2_STORAGE	18.507657	1.166072	20.000000	0.000000	2.989928	Infinity	0.000000	-1.000000	1.000000	0.032191	1.000000	0.058246	
DIESEL_STORAGE	0.004811	0.000191	20.000000	0.000000	0.481102	Infinity	0.000000	-1.000000	1.000000	0.000102	1.000000	0.058246	
GASOLINE_STORAGE	0.004679	0.000186	20.000000	0.000000	0.467888	Infinity	0.000000	-1.000000	1.000000	0.000168	1.000000	0.058246	
LFO_STORAGE	0.005787	0.000230	20.000000	0.000000	0.578718	Infinity	0.000000	-1.000000	1.000000	0.000076	1.000000	0.058246	
AMMONIA_STORAGE	0.000012	0.000000	20.000000	0.000000	0.001201	Infinity	0.000000	-1.000000	1.000000	0.000096	1.000000	0.058246	
METHANOL_STORAGE	0.000000	0.000000	20.000000	0.000000	0.000003	Infinity	0.000000	-1.000000	1.000000	0.000000	1.000000	0.058246	
CO2_STORAGE	0.047549	0.000475	30.000000	0.000000	0.000961	Infinity	0.000000	-1.000000	1.000000	0.000029	1.000000	0.041639	
ADLIBIO_TO_FUEL	0.000000	0.000000	20.000000	0.000000	0.000000	0.000000	0.000000	-1.000000	0.000000	0.000000	1.000000	0.058246	
AMMONIA_TO_H2	0.000328	0.000030	25.000000	0.000000	0.000000	Infinity	0.000000	-1.000000	1.000000	0.000167	0.860000	0.048263	
ATM_CCS	0.000649	0.000016	40.000000	0.000000	0.000000	Infinity	0.000000	-1.000000	1.000000	0.000262	1.000000	0.033427	
BIO_HYDROLYSIS	0.000154	0.000010	15.000000	0.000000	0.000000	Infinity	0.000000	-1.000000	1.000000	0.000043	0.850000	0.074944	
BIOMETHANATION	0.000175	0.000003	20.000000	0.000000	0.000000	Infinity	0.000000	-1.000000	1.000000	0.000031	0.850000	0.058246	
DHN	7081.502571	0.000000	60.000000	0.000000	8.574493	Infinity	0.000000	-1.000000	1.000000	0.000000	1.000000	0.025393	
EFFICIENCY	5517.241379	0.000000	1.000000	0.000000	0.985222	Infinity	0.000000	-1.000000	1.000000	0.000000	1.000000	1.015000	
GASIFICATION_SNG	0.000075	0.000005	25.000000	0.000000	0.000000	Infinity	0.000000	-1.000000	1.000000	0.000030	0.850000	0.048263	
GRID	77198.150932	0.000000	80.000000	0.000000	1.030421	Infinity	0.000000	-1.000000	1.000000	0.000000	1.000000	0.021548	
H2_BIOMASS	0.000039	0.000003	25.000000	0.000000	0.000000	Infinity	0.000000	-1.000000	1.000000	0.000030	0.860000	0.048263	
H2_ELECTROLYSIS	0.000603	0.000017	15.000000	0.000000	0.000000	Infinity	0.000000	-1.000000	1.000000	0.002498	0.900000	0.074944	
INDUSTRY_CCS	0.000758	0.000019	40.000000	0.000000	0.000000	Infinity	0.000000	-1.000000	1.000000	0.001131	1.000000	0.033427	
REDIFUEL	0.000180	0.000005	20.000000	0.000000	0.000000	Infinity	0.000000	-1.000000	1.000000	0.000016	1.000000	0.058246	
SMR	1159.053201	106.957968	25.000000	0.000000	1.494916	Infinity	0.000000	-1.000000	1.000000	0.860000	0.860000	0.048263	
SYN_METHANATION	0.000169	0.000043	40.000000	0.000000	0.000000	Infinity	0.000000	-1.000000	1.000000	0.005206	1.000000	0.033427	