TECHNOLOGIES	 c_inv	 c_maint	 lifetime	  f_min	 f	 f_max	 fmin_perc	f_perc	 fmax_perc	 c_p	 c_p_max	 tau	 gwp_constr
 UNITS	[M€/GW]	 [M€/GW/y]	 [y]	 [GW or GWh]	 [GW or GWh]	 [GW or GWh]	 [0-1]	 [0-1]	 [0-1]	 [0-1]	 [0-1]	 [-]	 [ktCO2-eq./GW or GWh]
NUCLEAR	0.000000	0.000000	60.000000	0.000000	0.000000	0.000000	0.000000	0.000000	1.000000	0.000000	0.849000	0.025393	0.000000
CCGT	156.270759	3.957842	25.000000	0.000000	0.206186	Infinity	0.000000	0.007211	1.000000	0.397944	0.961540	0.048263	37.895005
CCGT_AMMONIA	0.001149	0.000029	25.000000	0.000000	0.000002	Infinity	0.000000	0.000000	1.000000	0.002492	0.630000	0.048263	0.000279
COAL_US	0.000000	0.000000	35.000000	0.000000	0.000000	0.000000	0.000000	0.000000	1.000000	0.000000	0.868000	0.036934	0.000000
COAL_IGCC	0.000000	0.000000	35.000000	0.000000	0.000000	0.000000	0.000000	0.000000	1.000000	0.000000	0.856000	0.036934	0.000000
PV	42367.519192	483.838442	25.000000	0.000000	59.174992	59.200000	0.000000	0.599515	1.000000	0.115281	1.000000	0.048263	123168.604091
WIND_ONSHORE	9992.199912	116.216470	30.000000	0.000000	10.000000	10.000000	0.000000	0.195616	1.000000	0.222588	1.000000	0.041639	6228.499945
WIND_OFFSHORE	28562.039994	198.720388	30.000000	0.000000	6.000000	6.000000	0.000000	0.193049	1.000000	0.366111	1.000000	0.041639	3737.099999
HYDRO_RIVER	580.165799	5.801152	40.000000	0.000000	0.115000	0.115000	0.000000	0.004609	1.000000	0.456070	1.000000	0.033427	145.224300
GEOTHERMAL	0.000000	0.000000	30.000000	0.000000	0.000000	0.000000	0.000000	0.000000	1.000000	0.000000	0.950000	0.041639	0.000000
IND_COGEN_GAS	6087.493897	391.298506	25.000000	0.000000	4.534311	Infinity	0.000000	0.482241	1.000000	0.825646	0.850000	0.048263	4644.585449
IND_COGEN_WOOD	0.001144	0.000042	25.000000	0.000000	0.000001	Infinity	0.000000	0.000000	1.000000	0.001927	0.850000	0.048263	0.000184
IND_COGEN_WASTE	0.001438	0.000053	25.000000	0.000000	0.000001	Infinity	0.000000	0.000000	1.000000	0.000868	0.850000	0.048263	0.000339
IND_BOILER_GAS	87.612382	1.755351	17.000000	0.000000	1.487729	Infinity	0.000000	0.059793	1.000000	0.312010	0.950000	0.067080	18.328826
IND_BOILER_WOOD	0.001101	0.000022	17.000000	0.000000	0.000010	Infinity	0.000000	0.000000	1.000000	0.003416	0.900000	0.067080	0.000276
IND_BOILER_OIL	0.001174	0.000025	17.000000	0.000000	0.000021	Infinity	0.000000	0.000000	1.000000	0.004330	0.950000	0.067080	0.000264
IND_BOILER_COAL	149.980199	2.999586	17.000000	0.000000	1.302138	Infinity	0.000000	0.150958	1.000000	0.899998	0.900000	0.067080	62.736985
IND_BOILER_WASTE	238.820392	4.776380	17.000000	0.000000	2.073454	Infinity	0.000000	0.214631	1.000000	0.803599	0.900000	0.067080	59.860607
IND_DIRECT_ELEC	1983.251754	8.996851	15.000000	0.000000	5.967539	Infinity	0.000000	0.092376	1.000000	0.120173	0.950000	0.074944	8.772282
DHN_HP_ELEC	1731.331250	58.708505	25.000000	0.000000	5.298318	Infinity	0.000000	0.881633	1.000000	0.536918	0.950000	0.048263	926.092937
DHN_COGEN_GAS	679.660367	19.871847	25.000000	0.000000	0.568211	Infinity	0.000000	0.118367	1.000000	0.672169	0.850000	0.048263	278.923605
DHN_COGEN_WOOD	0.000801	0.000029	25.000000	0.000000	0.000001	Infinity	0.000000	0.000000	1.000000	0.001123	0.850000	0.048263	0.000128
DHN_COGEN_WASTE	0.001271	0.000047	25.000000	0.000000	0.000000	Infinity	0.000000	0.000000	1.000000	0.000669	0.850000	0.048263	0.000300
DHN_COGEN_WET_BIOMASS	0.000784	0.000064	25.000000	0.000000	0.000001	Infinity	0.000000	0.000000	1.000000	0.001663	0.750000	0.048263	0.000613
DHN_COGEN_BIO_HYDROLYSIS	0.000753	0.000037	15.000000	0.000000	0.000000	Infinity	0.000000	0.000000	1.000000	0.000445	0.850000	0.074944	0.000113
DHN_BOILER_GAS	0.000234	0.000005	17.000000	0.000000	0.000004	Infinity	0.000000	0.000000	1.000000	0.001845	0.950000	0.067080	0.000049
DHN_BOILER_WOOD	0.000316	0.000006	17.000000	0.000000	0.000003	Infinity	0.000000	0.000000	1.000000	0.001589	0.900000	0.067080	0.000079
DHN_BOILER_OIL	0.000180	0.000004	17.000000	0.000000	0.000003	Infinity	0.000000	0.000000	1.000000	0.001692	0.950000	0.067080	0.000041
DHN_DEEP_GEO	0.000000	0.000000	30.000000	0.000000	0.000000	0.000000	0.000000	0.000000	1.000000	0.000000	0.850000	0.041639	0.000000
DHN_SOLAR	0.000397	0.000000	30.000000	0.000000	0.000001	Infinity	0.000000	0.000000	1.000000	0.000696	1.000000	0.041639	0.000249
DEC_HP_ELEC	8911.365059	371.555625	18.000000	0.000000	19.107929	Infinity	0.000000	0.999998	1.000000	0.450568	1.000000	0.063806	3150.706488
DEC_THHP_GAS	0.010812	0.000316	20.000000	0.000000	0.000036	Infinity	0.000000	0.000002	1.000000	0.158207	1.000000	0.058246	0.013801
DEC_COGEN_GAS	0.002186	0.000141	20.000000	0.000000	0.000002	Infinity	0.000000	0.000000	1.000000	0.004707	1.000000	0.058246	0.001668
DEC_COGEN_OIL	0.001608	0.000099	20.000000	0.000000	0.000001	Infinity	0.000000	0.000000	1.000000	0.002275	1.000000	0.058246	0.001323
DEC_ADVCOGEN_GAS	0.003634	0.000068	20.000000	0.000000	0.000001	Infinity	0.000000	0.000000	1.000000	0.002123	1.000000	0.058246	0.001289
DEC_ADVCOGEN_H2	0.002364	0.000044	20.000000	0.000000	0.000000	Infinity	0.000000	0.000000	1.000000	0.000557	1.000000	0.058246	0.000839
DEC_BOILER_GAS	0.001856	0.000056	17.000000	0.000000	0.000012	Infinity	0.000000	0.000000	1.000000	0.002420	1.000000	0.067080	0.000247
DEC_BOILER_WOOD	0.001700	0.000059	17.000000	0.000000	0.000004	Infinity	0.000000	0.000000	1.000000	0.001958	1.000000	0.067080	0.000078
DEC_BOILER_OIL	0.001407	0.000084	17.000000	0.000000	0.000010	Infinity	0.000000	0.000000	1.000000	0.002323	1.000000	0.067080	0.000208
DEC_SOLAR	0.005712	0.000063	20.000000	0.000000	0.000008	Infinity	0.000000	0.000000	1.000000	0.005118	1.000000	0.058246	0.001808
DEC_DIRECT_ELEC	0.002276	0.000010	15.000000	0.000000	0.000059	Infinity	0.000000	0.000000	1.000000	0.002913	1.000000	0.074944	0.000087
TRAMWAY_TROLLEY	4892.983576	97.859672	30.000000	0.000000	7.828774	Infinity	0.000000	0.300000	0.300000	0.342470	0.342470	0.041639	0.000000
BUS_COACH_DIESEL	0.001947	0.000095	15.000000	0.000000	0.000003	Infinity	0.000000	0.000000	1.000000	0.009291	0.296800	0.074944	0.000000
BUS_COACH_HYDIESEL	0.001625	0.000064	15.000000	0.000000	0.000002	Infinity	0.000000	0.000000	1.000000	0.005734	0.296800	0.074944	0.000000
BUS_COACH_CNG_STOICH	3744.809680	184.060257	15.000000	0.000000	6.023790	Infinity	0.000000	0.200050	1.000000	0.296800	0.296800	0.074944	0.000000
BUS_COACH_FC_HYBRIDH2	0.000147	0.000004	15.000000	0.000000	0.000000	Infinity	0.000000	0.000000	1.000000	0.001436	0.296800	0.074944	0.000000
BUS_COACH_ELECTRIC	0.000164	0.000004	15.000000	0.000000	0.000000	Infinity	0.000000	0.000000	1.000000	0.001380	0.296800	0.074944	0.000000
TRAIN_PUB	24462.948221	882.875721	40.000000	0.000000	16.243442	Infinity	0.000000	0.499950	0.500000	0.275070	0.275070	0.033427	0.000000
CAR_GASOLINE	5974.003737	334.030915	10.000000	0.000000	13.917955	Infinity	0.080000	0.080000	1.000000	0.051370	0.051370	0.108434	0.000000
CAR_DIESEL	0.000155	0.000008	10.000000	0.000000	0.000000	Infinity	0.000000	0.000000	1.000000	0.000124	0.051370	0.108434	0.000000
CAR_NG	0.000143	0.000008	10.000000	0.000000	0.000000	Infinity	0.000000	0.000000	1.000000	0.000197	0.051370	0.108434	0.000000
CAR_METHANOL	0.000103	0.000006	10.000000	0.000000	0.000000	Infinity	0.000000	0.000000	1.000000	0.000151	0.051370	0.108434	0.000000
CAR_HEV	0.000081	0.000006	10.000000	0.000000	0.000000	Infinity	0.000000	0.000000	1.000000	0.000125	0.051370	0.108434	0.000000
CAR_PHEV	0.046382	0.003439	10.000000	0.000000	0.000101	Infinity	0.000000	0.000000	1.000000	0.032953	0.051370	0.108434	0.000000
CAR_BEV	66970.805270	1600.564153	10.000000	0.000000	160.056415	Infinity	0.000000	0.920000	1.000000	0.051370	0.051370	0.108434	0.000000
CAR_FUEL_CELL	0.000160	0.000003	10.000000	0.000000	0.000000	Infinity	0.000000	0.000000	1.000000	0.000581	0.051370	0.108434	0.000000
TRAIN_FREIGHT	783.484873	15.669035	40.000000	0.000000	7.503207	Infinity	0.000000	1.000000	1.000000	0.342470	0.342470	0.033427	0.000000
BOAT_FREIGHT_DIESEL	16.244810	0.795361	40.000000	0.000000	0.208240	Infinity	0.000000	0.007710	1.000000	0.114160	0.114160	0.033427	0.000000
BOAT_FREIGHT_NG	2082.823609	102.370725	40.000000	0.000000	26.802517	Infinity	0.000000	0.992290	1.000000	0.114160	0.114160	0.033427	0.000000
BOAT_FREIGHT_METHANOL	0.000021	0.000001	40.000000	0.000000	0.000000	Infinity	0.000000	0.000000	1.000000	0.000336	0.114160	0.033427	0.000000
TRUCK_DIESEL	4165.348225	203.926942	15.000000	0.000000	10.990075	Infinity	0.220000	0.220000	1.000000	0.092590	0.092590	0.074944	0.000000
TRUCK_METHANOL	0.000019	0.000001	15.000000	0.000000	0.000000	Infinity	0.000000	0.000000	1.000000	0.000067	0.092590	0.074944	0.000000
TRUCK_FUEL_CELL	15560.204395	470.175289	15.000000	0.000000	38.964803	Infinity	0.000000	0.780000	1.000000	0.092590	0.092590	0.074944	0.000000
TRUCK_ELEC	0.000021	0.000001	15.000000	0.000000	0.000000	Infinity	0.000000	0.000000	1.000000	0.001130	0.092590	0.074944	0.000000
TRUCK_NG	0.000076	0.000004	15.000000	0.000000	0.000000	Infinity	0.000000	0.000000	1.000000	0.000209	0.092590	0.074944	0.000000
GAS_TO_HVC	0.001102	0.000028	20.000000	0.000000	0.000001	Infinity	0.000000	1.000000	1.000000	0.001107	1.000000	0.058246	0.000000
HABER_BOSCH	0.001191	0.000023	20.000000	0.000000	0.000001	Infinity	0.000000	0.000000	1.000000	0.001744	1.000000	0.058246	0.000000
AMMONIA_TO_H2	5.856975	0.540486	25.000000	0.000000	0.009049	Infinity	0.000000	0.000750	1.000000	0.463465	0.860000	0.048263	0.000000
OIL_TO_HVC	2305.886059	12.259235	20.000000	0.000000	6.144442	Infinity	0.000000	0.999250	1.000000	0.909494	1.000000	0.058246	0.000000
INDUSTRY_CCS	0.001617	0.000040	40.000000	0.000000	0.000001	Infinity	0.000000	0.000000	1.000000	0.000307	1.000000	0.033427	0.000000
REDIFUEL	0.000910	0.000024	20.000000	0.000000	0.000000	Infinity	0.000000	0.000000	1.000000	0.000704	1.000000	0.058246	0.000165
ADLIBIO_TO_FUEL	1869.706232	28.253339	20.000000	0.000000	2.444060	Infinity	0.000000	0.092517	1.000000	0.181941	1.000000	0.058246	2154.610357
ADLIBIO_TO_HVC	4779.966546	72.230606	20.000000	0.000000	4.806402	Infinity	0.000000	0.907483	1.000000	0.907483	1.000000	0.058246	4564.639748
PHS	382.198269	0.000000	50.000000	5.000000	6.499971	6.500000	0.000000	-1.000000	1.000000	0.021096	1.000000	0.028572	
BATT_LI	0.041948	0.000065	15.000000	0.000000	0.000205	Infinity	0.000000	-1.000000	1.000000	0.027467	1.000000	0.074944	
BEV_BATT	0.000000	0.000000	1.000000	0.000000	158.786126	Infinity	0.000000	-1.000000	1.000000	0.004322	1.000000	1.015000	
PHEV_BATT	0.000000	0.000000	1.000000	0.000000	0.000020	Infinity	0.000000	-1.000000	1.000000	0.001471	1.000000	1.015000	
TS_DEC_DIRECT_ELEC	0.005310	0.000037	20.000000	0.000000	0.000280	Infinity	0.000000	-1.000000	1.000000	0.000823	1.000000	0.058246	
TS_DEC_HP_ELEC	1371.536935	9.601677	20.000000	0.000000	72.300313	Infinity	0.000000	-1.000000	1.000000	0.032487	1.000000	0.058246	
TS_DEC_THHP_GAS	0.005481	0.000038	20.000000	0.000000	0.000289	Infinity	0.000000	-1.000000	1.000000	0.011193	1.000000	0.058246	
TS_DEC_COGEN_GAS	0.005270	0.000037	20.000000	0.000000	0.000278	Infinity	0.000000	-1.000000	1.000000	0.000596	1.000000	0.058246	
TS_DEC_COGEN_OIL	0.005307	0.000037	20.000000	0.000000	0.000280	Infinity	0.000000	-1.000000	1.000000	0.000535	1.000000	0.058246	
TS_DEC_ADVCOGEN_GAS	0.005188	0.000036	20.000000	0.000000	0.000273	Infinity	0.000000	-1.000000	1.000000	0.000560	1.000000	0.058246	
TS_DEC_ADVCOGEN_H2	0.005314	0.000037	20.000000	0.000000	0.000280	Infinity	0.000000	-1.000000	1.000000	0.000452	1.000000	0.058246	
TS_DEC_BOILER_GAS	0.005254	0.000037	20.000000	0.000000	0.000277	Infinity	0.000000	-1.000000	1.000000	0.000552	1.000000	0.058246	
TS_DEC_BOILER_WOOD	0.005308	0.000037	20.000000	0.000000	0.000280	Infinity	0.000000	-1.000000	1.000000	0.000549	1.000000	0.058246	
TS_DEC_BOILER_OIL	0.005306	0.000037	20.000000	0.000000	0.000280	Infinity	0.000000	-1.000000	1.000000	0.000556	1.000000	0.058246	
TS_DHN_DAILY	0.009570	0.000027	40.000000	0.000000	0.003190	Infinity	0.000000	-1.000000	1.000000	0.000977	1.000000	0.033427	
TS_DHN_SEASONAL	398.444109	2.202936	25.000000	0.000000	766.238672	Infinity	0.000000	-1.000000	1.000000	0.001273	1.000000	0.048263	
TS_HIGH_TEMP	50.150603	0.536753	25.000000	0.000000	1.789176	Infinity	0.000000	-1.000000	1.000000	0.023144	1.000000	0.048263	
GAS_STORAGE	15.150034	0.396678	50.000000	0.000000	303.000685	Infinity	0.000000	-1.000000	1.000000	0.000261	1.000000	0.028572	
H2_STORAGE	10.536490	0.663850	20.000000	0.000000	1.702179	Infinity	0.000000	-1.000000	1.000000	0.021511	1.000000	0.058246	
DIESEL_STORAGE	0.021887	0.000869	20.000000	0.000000	2.188691	Infinity	0.000000	-1.000000	1.000000	0.000006	1.000000	0.058246	
GASOLINE_STORAGE	0.385159	0.015291	20.000000	0.000000	38.515854	Infinity	0.000000	-1.000000	1.000000	0.001820	1.000000	0.058246	
LFO_STORAGE	0.021756	0.000864	20.000000	0.000000	2.175563	Infinity	0.000000	-1.000000	1.000000	0.000000	1.000000	0.058246	
AMMONIA_STORAGE	0.000178	0.000007	20.000000	0.000000	0.017802	Infinity	0.000000	-1.000000	1.000000	0.000013	1.000000	0.058246	
METHANOL_STORAGE	0.000007	0.000000	20.000000	0.000000	0.000704	Infinity	0.000000	-1.000000	1.000000	0.000354	1.000000	0.058246	
CO2_STORAGE	0.105777	0.001058	30.000000	0.000000	0.002137	Infinity	0.000000	-1.000000	1.000000	0.000025	1.000000	0.041639	
ATM_CCS	2493.492303	61.896582	40.000000	0.000000	0.494919	Infinity	0.000000	-1.000000	1.000000	0.999973	1.000000	0.033427	
BIO_HYDROLYSIS	3342.308495	227.880286	15.000000	0.000000	2.209864	Infinity	0.000000	-1.000000	1.000000	0.850000	0.850000	0.074944	
BIOMASS_TO_METHANOL	0.001129	0.000017	20.000000	0.000000	0.000001	Infinity	0.000000	-1.000000	1.000000	0.001368	1.000000	0.058246	
BIOMETHANATION	0.003938	0.000055	20.000000	0.000000	0.000004	Infinity	0.000000	-1.000000	1.000000	0.021120	0.850000	0.058246	
DHN	6645.721768	0.000000	60.000000	0.000000	8.046837	Infinity	0.000000	-1.000000	1.000000	0.000000	1.000000	0.025393	
EFFICIENCY	5517.241379	0.000000	1.000000	0.000000	0.985222	Infinity	0.000000	-1.000000	1.000000	0.000000	1.000000	1.015000	
GASIFICATION_SNG	0.000954	0.000067	25.000000	0.000000	0.000000	Infinity	0.000000	-1.000000	1.000000	0.001638	0.850000	0.048263	
GRID	102568.422112	0.000000	80.000000	0.000000	1.369056	Infinity	0.000000	-1.000000	1.000000	0.000000	1.000000	0.021548	
H2_BIOMASS	0.002955	0.000208	25.000000	0.000000	0.000001	Infinity	0.000000	-1.000000	1.000000	0.009607	0.860000	0.048263	
H2_ELECTROLYSIS	0.005067	0.000139	15.000000	0.000000	0.000009	Infinity	0.000000	-1.000000	1.000000	0.021995	0.900000	0.074944	
METHANE_TO_METHANOL	0.000558	0.000024	25.000000	0.000000	0.000001	Infinity	0.000000	-1.000000	1.000000	0.001293	0.850000	0.048263	
METHANOL_TO_HVC	0.000996	0.000090	20.000000	0.000000	0.000002	Infinity	0.000000	-1.000000	1.000000	0.006301	1.000000	0.058246	
SMR	1070.661239	98.801400	25.000000	0.000000	1.654195	Infinity	0.000000	-1.000000	1.000000	0.860000	0.860000	0.048263	
SYN_METHANATION	0.000317	0.000081	40.000000	0.000000	0.000002	Infinity	0.000000	-1.000000	1.000000	0.001090	1.000000	0.033427	
SYN_METHANOLATION	0.001043	0.000030	20.000000	0.000000	0.000001	Infinity	0.000000	-1.000000	1.000000	0.000785	0.950000	0.058246	