Name	Crit_1_tech	Crit_1_res	Crit_1_op
NUCLEAR	0.000000	0.000000	0.000000
CCGT	0.000000	0.000000	0.000001
CCGT_AMMONIA	0.000000	0.000000	0.000000
COAL_US	0.000000	0.000000	0.000000
COAL_IGCC	0.000000	0.000000	0.000000
PV	7.466034	0.000000	0.000000
WIND_ONSHORE	1.005420	0.000000	0.011239
WIND_OFFSHORE	0.922150	0.000000	0.015900
HYDRO_RIVER	0.017545	0.000000	0.000050
GEOTHERMAL	0.000000	0.000000	0.000000
IND_COGEN_GAS	0.506462	0.000000	10.624395
IND_COGEN_WOOD	0.000000	0.000000	0.000002
IND_COGEN_WASTE	0.000000	0.000000	0.000000
IND_BOILER_GAS	0.025399	0.000000	0.732614
IND_BOILER_WOOD	0.000000	0.000000	0.000001
IND_BOILER_OIL	0.000000	0.000000	0.000001
IND_BOILER_COAL	0.000000	0.000000	0.000015
IND_BOILER_WASTE	0.030881	0.000000	0.281288
IND_DIRECT_ELEC	0.000007	0.000000	0.000000
DHN_HP_ELEC	0.320182	0.000000	0.014429
DHN_COGEN_GAS	0.201815	0.000000	4.781610
DHN_COGEN_WOOD	0.000000	0.000000	0.000001
DHN_COGEN_WASTE	0.000000	0.000000	0.000000
DHN_COGEN_WET_BIOMASS	0.000001	0.000000	0.000001
DHN_COGEN_BIO_HYDROLYSIS	0.000000	0.000000	0.000000
DHN_BOILER_GAS	0.000000	0.000000	0.000000
DHN_BOILER_WOOD	0.000000	0.000000	0.000001
DHN_BOILER_OIL	0.000000	0.000000	0.000000
DHN_DEEP_GEO	0.000000	0.000000	0.000000
DHN_SOLAR	0.000003	0.000000	0.000000
DEC_HP_ELEC	1.365382	0.000000	0.043008
DEC_THHP_GAS	0.144955	0.000000	0.052221
DEC_COGEN_GAS	0.000000	0.000000	0.000002
DEC_COGEN_OIL	0.000000	0.000000	0.000010
DEC_ADVCOGEN_GAS	0.000000	0.000000	0.000000
DEC_ADVCOGEN_H2	0.000000	0.000000	0.000000
DEC_BOILER_GAS	0.000000	0.000000	0.000000
DEC_BOILER_WOOD	0.000000	0.000000	0.000001
DEC_BOILER_OIL	0.000000	0.000000	0.000001
DEC_SOLAR	0.000030	0.000000	0.000000
DEC_DIRECT_ELEC	0.000000	0.000000	0.000000
TRAMWAY_TROLLEY	0.092180	0.000000	0.000000
BUS_COACH_DIESEL	0.000000	0.000000	0.000000
BUS_COACH_HYDIESEL	0.000000	0.000000	0.000000
BUS_COACH_CNG_STOICH	0.643770	0.000000	1.312441
BUS_COACH_FC_HYBRIDH2	0.000000	0.000000	0.000000
BUS_COACH_ELECTRIC	0.000001	0.000000	0.000000
TRAIN_PUB	0.336998	0.000000	0.000000
CAR_GASOLINE	12.065647	0.000000	3.874510
CAR_DIESEL	0.000000	0.000000	0.000000
CAR_NG	0.000000	0.000000	0.000000
CAR_METHANOL	0.000000	0.000000	0.000000
CAR_HEV	0.000000	0.000000	0.000000
CAR_PHEV	0.000016	0.000000	0.000001
CAR_BEV	17.909591	0.000000	0.817056
CAR_FUEL_CELL	0.000000	0.000000	0.000000
TRAIN_FREIGHT	0.200259	0.000000	0.597144
BOAT_FREIGHT_DIESEL	0.000000	0.000000	0.000001
BOAT_FREIGHT_NG	0.000000	0.000000	0.000000
BOAT_FREIGHT_METHANOL	0.157749	0.000000	10.295350
TRUCK_DIESEL	5.273560	0.000000	10.930917
TRUCK_METHANOL	0.000000	0.000000	0.000000
TRUCK_FUEL_CELL	0.000000	0.000000	0.000000
TRUCK_ELEC	0.194659	0.000000	0.004753
TRUCK_NG	0.000000	0.000000	0.000000
HABER_BOSCH	0.675894	0.000000	0.213831
SYN_METHANOLATION	0.000001	0.000000	0.000000
METHANE_TO_METHANOL	0.000000	0.000000	0.000000
BIOMASS_TO_METHANOL	0.000001	0.000000	0.000000
OIL_TO_HVC	0.000002	0.000000	0.000000
GAS_TO_HVC	0.000002	0.000000	0.000000
METHANOL_TO_HVC	3.861238	0.000000	0.000000
ADLIBIO_TO_HVC	0.000001	0.000000	0.000000
PHS	2.710151	0.000000	0.000000
BATT_LI	0.000002	0.000000	0.000000
BEV_BATT	0.000000	0.000000	0.000000
PHEV_BATT	0.000025	0.000000	0.000000
TS_DEC_DIRECT_ELEC	0.000001	0.000000	0.000000
TS_DEC_HP_ELEC	0.111255	0.000000	0.000000
TS_DEC_THHP_GAS	0.003079	0.000000	0.000000
TS_DEC_COGEN_GAS	0.000001	0.000000	0.000000
TS_DEC_COGEN_OIL	0.000000	0.000000	0.000000
TS_DEC_ADVCOGEN_GAS	0.000001	0.000000	0.000000
TS_DEC_ADVCOGEN_H2	0.000001	0.000000	0.000000
TS_DEC_BOILER_GAS	0.000001	0.000000	0.000000
TS_DEC_BOILER_WOOD	0.000001	0.000000	0.000000
TS_DEC_BOILER_OIL	0.000001	0.000000	0.000000
TS_DHN_DAILY	0.000003	0.000000	0.000000
TS_DHN_SEASONAL	1.127957	0.000000	0.000000
TS_HIGH_TEMP	0.020909	0.000000	0.000000
GAS_STORAGE	0.790499	0.000000	0.000000
H2_STORAGE	0.039732	0.000000	0.000000
DIESEL_STORAGE	13.132819	0.000000	0.000000
GASOLINE_STORAGE	11.565194	0.000000	0.000000
LFO_STORAGE	21.415704	0.000000	0.000000
AMMONIA_STORAGE	0.000115	0.000000	0.000000
METHANOL_STORAGE	0.000478	0.000000	0.000000
CO2_STORAGE	0.000005	0.000000	0.000000
ADLIBIO_TO_FUEL	2.527560	0.000000	2.690046
AMMONIA_TO_H2	0.000000	0.000000	0.000000
ATM_CCS	0.000000	0.000000	0.000000
BIO_HYDROLYSIS	0.127595	0.000000	4.777033
BIOMETHANATION	0.201150	0.000000	0.148462
DHN	0.000000	0.000000	0.000000
EFFICIENCY	0.000000	0.000000	0.000000
GASIFICATION_SNG	0.000000	0.000000	0.000000
GRID	1.692562	0.000000	0.000000
H2_BIOMASS	0.019911	0.000000	0.015366
H2_ELECTROLYSIS	0.000000	0.000000	0.000000
INDUSTRY_CCS	0.000000	0.000000	0.000000
REDIFUEL	0.000000	0.000000	0.000000
SMR	0.000000	0.000000	0.000001
SYN_METHANATION	0.000000	0.000000	0.000000
AMMONIA	0.000000	0.000001	0.000000
AMMONIA_RE_BE	0.000000	0.000000	0.000000
AMMONIA_RE_IMPORT	0.000000	25.390495	0.000000
BIODIESEL	0.000000	0.000010	0.000000
BIODIESEL_BE	0.000000	0.000000	0.000000
BIOETHANOL	0.000000	0.000005	0.000000
CO2_ATM	0.000000	0.000000	0.000000
CO2_CAPTURED	0.000000	0.000000	0.000000
CO2_EMISSIONS	0.000000	0.000000	0.000000
CO2_INDUSTRY	0.000000	0.000000	0.000000
COAL	0.000000	0.000002	0.000000
DIESEL	0.000000	9.611095	0.000000
ELEC_EXPORT	0.000000	0.000000	0.000000
ELECTRICITY	0.000000	7.399026	0.000000
GAS	0.000000	11.837976	0.000000
GAS_RE_BE	0.000000	0.000000	0.000000
GAS_RE_IMPORT	0.000000	0.000000	0.000000
GASOLINE	0.000000	0.000002	0.000000
H2	0.000000	0.000000	0.000000
H2_RE_BE	0.000000	0.000000	0.000000
H2_RE_IMPORT	0.000000	7.626185	0.000000
LFO	0.000000	0.000006	0.000000
LFO_RE_BE	0.000000	0.000000	0.000000
METHANOL	0.000000	17.708647	0.000000
METHANOL_RE_BE	0.000000	0.000000	0.000000
METHANOL_RE_IMPORT	0.000000	0.000001	0.000000
RES_GEO	0.000000	0.000000	0.000000
RES_HYDRO	0.000000	0.000000	0.000000
RES_SOLAR	0.000000	0.000000	0.000000
RES_WIND	0.000000	0.000000	0.000000
URANIUM	0.000000	0.000000	0.000000
WASTE	0.000000	0.000000	0.000000
WET_BIOMASS	0.000000	9.841388	0.000000
WOOD	0.000000	3.883019	0.000000
WOOD_PRODUCTION	0.000000	2.447992	0.000000
