Name	LCA_tech	LCA_res	LCA_op
NUCLEAR	0.000000	0.000000	0.000000
CCGT	0.000003	0.000000	0.000863
CCGT_AMMONIA	0.000002	0.000000	0.000000
COAL_US	0.000000	0.000000	0.000000
COAL_IGCC	0.000000	0.000000	0.000000
PV	980.374357	0.000000	0.000000
WIND_ONSHORE	133.608580	0.000000	2.126570
WIND_OFFSHORE	118.263261	0.000000	3.013117
HYDRO_RIVER	3.051277	0.000000	0.009477
GEOTHERMAL	0.000000	0.000000	0.000000
IND_COGEN_GAS	87.884966	0.000000	18912.849843
IND_COGEN_WOOD	0.000002	0.000000	0.000308
IND_COGEN_WASTE	0.000002	0.000000	0.000133
IND_BOILER_GAS	5.838912	0.000000	3192.634417
IND_BOILER_WOOD	0.000007	0.000000	0.000271
IND_BOILER_OIL	0.000002	0.000000	0.000185
IND_BOILER_COAL	0.000009	0.000000	0.000843
IND_BOILER_WASTE	7.771847	0.000000	3477.074636
IND_DIRECT_ELEC	0.000001	0.000000	0.000000
DHN_HP_ELEC	34.168690	0.000000	523.956484
DHN_COGEN_GAS	6.270948	0.000000	2351.962583
DHN_COGEN_WOOD	0.000001	0.000000	0.000130
DHN_COGEN_WASTE	0.000002	0.000000	0.000108
DHN_COGEN_WET_BIOMASS	0.000018	0.000000	0.000678
DHN_COGEN_BIO_HYDROLYSIS	0.000001	0.000000	0.000148
DHN_BOILER_GAS	0.000000	0.000000	0.000108
DHN_BOILER_WOOD	0.000002	0.000000	0.000119
DHN_BOILER_OIL	0.000000	0.000000	0.000078
DHN_DEEP_GEO	0.000000	0.000000	0.000000
DHN_SOLAR	0.000039	0.000000	0.000000
DEC_HP_ELEC	120.427077	0.000000	1223.893667
DEC_THHP_GAS	27.244545	0.000000	904.943254
DEC_COGEN_GAS	0.000010	0.000000	0.000444
DEC_COGEN_OIL	0.000008	0.000000	0.000345
DEC_ADVCOGEN_GAS	0.000006	0.000000	0.000302
DEC_ADVCOGEN_H2	0.000004	0.000000	0.000001
DEC_BOILER_GAS	0.000004	0.000000	0.000118
DEC_BOILER_WOOD	0.000010	0.000000	0.000186
DEC_BOILER_OIL	0.000003	0.000000	0.000136
DEC_SOLAR	0.000277	0.000000	0.000000
DEC_DIRECT_ELEC	0.000001	0.000000	0.000000
TRAMWAY_TROLLEY	6.777617	0.000000	0.000000
BUS_COACH_DIESEL	0.000003	0.000000	0.000048
BUS_COACH_HYDIESEL	0.000002	0.000000	0.000019
BUS_COACH_CNG_STOICH	101.982260	0.000000	1610.535310
BUS_COACH_FC_HYBRIDH2	0.000001	0.000000	0.000001
BUS_COACH_ELECTRIC	0.000002	0.000000	0.000001
TRAIN_PUB	16.881612	0.000000	3.625802
CAR_GASOLINE	807.192494	0.000000	3184.409459
CAR_DIESEL	0.000001	0.000000	0.000005
CAR_NG	0.000001	0.000000	0.000004
CAR_METHANOL	0.000001	0.000000	0.000003
CAR_HEV	0.000001	0.000000	0.000002
CAR_PHEV	0.000321	0.000000	0.000161
CAR_BEV	2866.916595	0.000000	455.305156
CAR_FUEL_CELL	0.000002	0.000000	0.000001
TRAIN_FREIGHT	28.944183	0.000000	48.205784
BOAT_FREIGHT_DIESEL	0.000004	0.000000	0.000152
BOAT_FREIGHT_NG	19.784961	0.000000	844.686124
BOAT_FREIGHT_METHANOL	0.000000	0.000000	0.000004
TRUCK_DIESEL	0.000001	0.000000	0.000011
TRUCK_METHANOL	0.000000	0.000000	0.000001
TRUCK_FUEL_CELL	0.000007	0.000000	0.000000
TRUCK_ELEC	680.051593	0.000000	13.022191
TRUCK_NG	0.000000	0.000000	0.000006
HABER_BOSCH	122.983725	0.000000	11.799387
SYN_METHANOLATION	0.000013	0.000000	0.000001
METHANE_TO_METHANOL	14.949975	0.000000	172.379111
BIOMASS_TO_METHANOL	0.000016	0.000000	0.000416
OIL_TO_HVC	0.000000	0.000000	0.000000
GAS_TO_HVC	0.000000	0.000000	0.000000
METHANOL_TO_HVC	169.750794	0.000000	0.000000
ADLIBIO_TO_HVC	29.701499	0.000000	1576.777736
PHS	546.175487	0.000000	0.000000
BATT_LI	0.000028	0.000000	0.000000
BEV_BATT	0.000000	0.000000	0.000000
PHEV_BATT	0.000263	0.000000	0.000000
TS_DEC_DIRECT_ELEC	0.000014	0.000000	0.000000
TS_DEC_HP_ELEC	15.551850	0.000000	0.000000
TS_DEC_THHP_GAS	1.602575	0.000000	0.000000
TS_DEC_COGEN_GAS	0.000014	0.000000	0.000000
TS_DEC_COGEN_OIL	0.000014	0.000000	0.000000
TS_DEC_ADVCOGEN_GAS	0.000014	0.000000	0.000000
TS_DEC_ADVCOGEN_H2	0.000014	0.000000	0.000000
TS_DEC_BOILER_GAS	0.000014	0.000000	0.000000
TS_DEC_BOILER_WOOD	0.000014	0.000000	0.000000
TS_DEC_BOILER_OIL	0.000014	0.000000	0.000000
TS_DHN_DAILY	0.000137	0.000000	0.000000
TS_DHN_SEASONAL	199.117967	0.000000	0.000000
TS_HIGH_TEMP	6.483579	0.000000	0.000000
GAS_STORAGE	0.033926	0.000000	0.000000
H2_STORAGE	0.000750	0.000000	0.000000
DIESEL_STORAGE	0.001192	0.000000	0.000000
GASOLINE_STORAGE	0.001260	0.000000	0.000000
LFO_STORAGE	0.001017	0.000000	0.000000
AMMONIA_STORAGE	0.007290	0.000000	0.000000
METHANOL_STORAGE	0.007225	0.000000	0.000000
CO2_STORAGE	0.000161	0.000000	0.000000
ADLIBIO_TO_FUEL	0.000033	0.000000	0.000081
AMMONIA_TO_H2	0.000003	0.000000	0.000000
ATM_CCS	0.000003	0.000000	-0.000287
BIO_HYDROLYSIS	13.334942	0.000000	10124.558803
BIOMETHANATION	0.000111	0.000000	0.005311
DHN	0.000000	0.000000	0.000000
EFFICIENCY	0.000000	0.000000	0.000000
GASIFICATION_SNG	0.000000	0.000000	0.000079
GRID	22.628469	0.000000	0.000000
H2_BIOMASS	2.638017	0.000000	1.737763
H2_ELECTROLYSIS	0.731864	0.000000	0.013899
INDUSTRY_CCS	0.000000	0.000000	0.000055
REDIFUEL	0.000002	0.000000	0.000053
SMR	0.000000	0.000000	2749.236875
SYN_METHANATION	0.000001	0.000000	0.000000
ELECTRICITY	0.000000	1100.911642	0.000000
GASOLINE	0.000000	560.144720	0.000000
DIESEL	0.000000	0.000022	0.000000
BIOETHANOL	0.000000	-0.000076	0.000000
BIODIESEL	0.000000	-0.000020	0.000000
BIODIESEL_BE	0.000000	0.000000	0.000000
LFO	0.000000	0.000063	0.000000
LFO_RE_BE	0.000000	0.000000	0.000000
GAS	0.000000	12116.724330	0.000000
GAS_RE_IMPORT	0.000000	-0.000003	0.000000
GAS_RE_BE	0.000000	0.000000	0.000000
WOOD	0.000000	-7496.776433	0.000000
WOOD_PRODUCTION	0.000000	-0.000663	0.000000
WET_BIOMASS	0.000000	-16198.328236	0.000000
COAL	0.000000	0.000096	0.000000
URANIUM	0.000000	0.000000	0.000000
WASTE	0.000000	0.000000	0.000000
H2	0.000000	0.000000	0.000000
H2_RE_IMPORT	0.000000	0.000015	0.000000
H2_RE_BE	0.000000	0.000000	0.000000
AMMONIA	0.000000	24.870659	0.000000
METHANOL	0.000000	304.543971	0.000000
AMMONIA_RE_IMPORT	0.000000	0.000029	0.000000
AMMONIA_RE_BE	0.000000	0.000000	0.000000
METHANOL_RE_IMPORT	0.000000	-0.000016	0.000000
METHANOL_RE_BE	0.000000	0.000000	0.000000
ELEC_EXPORT	0.000000	0.000000	0.000000
CO2_EMISSIONS	0.000000	0.000000	0.000000
RES_WIND	0.000000	0.000000	0.000000
RES_SOLAR	0.000000	0.000000	0.000000
RES_HYDRO	0.000000	0.000000	0.000000
RES_GEO	0.000000	0.000000	0.000000
CO2_ATM	0.000000	0.000000	0.000000
CO2_INDUSTRY	0.000000	0.000000	0.000000
CO2_CAPTURED	0.000000	0.000000	0.000000
