Name	LCA_tech	LCA_res	LCA_op
NUCLEAR	0.000000	0.000000	0.000000
CCGT	0.000013	0.000000	0.001871
CCGT_AMMONIA	0.000007	0.000000	0.000001
COAL_US	0.000000	0.000000	0.000000
COAL_IGCC	0.000000	0.000000	0.000000
PV	761.555478	0.000000	0.000000
WIND_ONSHORE	153.098083	0.000000	2.420228
WIND_OFFSHORE	130.784832	0.000000	3.437124
HYDRO_RIVER	3.374216	0.000000	0.010697
GEOTHERMAL	0.000000	0.000000	0.000000
IND_COGEN_GAS	102.968255	0.000000	20153.435710
IND_COGEN_WOOD	0.000007	0.000000	0.001543
IND_COGEN_WASTE	0.000008	0.000000	0.000384
IND_BOILER_GAS	7.671615	0.000000	3211.774399
IND_BOILER_WOOD	0.000023	0.000000	0.001183
IND_BOILER_OIL	0.770335	0.000000	1699.148874
IND_BOILER_COAL	0.000032	0.000000	0.001663
IND_BOILER_WASTE	2.272004	0.000000	1047.015290
IND_DIRECT_ELEC	0.000001	0.000000	0.000000
DHN_HP_ELEC	29.424478	0.000000	538.913738
DHN_COGEN_GAS	7.247782	0.000000	2435.002883
DHN_COGEN_WOOD	0.000003	0.000000	0.000433
DHN_COGEN_WASTE	0.000007	0.000000	0.000319
DHN_COGEN_WET_BIOMASS	0.000069	0.000000	0.002297
DHN_COGEN_BIO_HYDROLYSIS	0.000002	0.000000	0.000418
DHN_BOILER_GAS	0.000001	0.000000	0.000276
DHN_BOILER_WOOD	0.000008	0.000000	0.000402
DHN_BOILER_OIL	0.000001	0.000000	0.000381
DHN_DEEP_GEO	0.000000	0.000000	0.000000
DHN_SOLAR	0.000042	0.000000	0.000000
DEC_HP_ELEC	110.639484	0.000000	1338.729834
DEC_THHP_GAS	0.005404	0.000000	0.201426
DEC_COGEN_GAS	0.000033	0.000000	0.001440
DEC_COGEN_OIL	0.000066	0.000000	0.006302
DEC_ADVCOGEN_GAS	0.000020	0.000000	0.000982
DEC_ADVCOGEN_H2	0.000013	0.000000	0.000002
DEC_BOILER_GAS	0.000014	0.000000	0.000731
DEC_BOILER_WOOD	0.000031	0.000000	0.000596
DEC_BOILER_OIL	0.000011	0.000000	0.000788
DEC_SOLAR	0.000324	0.000000	0.000000
DEC_DIRECT_ELEC	0.000002	0.000000	0.000000
TRAMWAY_TROLLEY	8.725737	0.000000	0.000000
BUS_COACH_DIESEL	0.000002	0.000000	0.000028
BUS_COACH_HYDIESEL	0.000002	0.000000	0.000022
BUS_COACH_CNG_STOICH	77.012169	0.000000	1153.303131
BUS_COACH_FC_HYBRIDH2	0.000003	0.000000	0.000001
BUS_COACH_ELECTRIC	0.000011	0.000000	0.000004
TRAIN_PUB	22.888795	0.000000	4.412859
CAR_GASOLINE	1826.473125	0.000000	6622.369902
CAR_DIESEL	0.000003	0.000000	0.000009
CAR_NG	0.000005	0.000000	0.000012
CAR_METHANOL	0.000004	0.000000	0.000014
CAR_HEV	0.000002	0.000000	0.000006
CAR_PHEV	0.001188	0.000000	0.000595
CAR_BEV	1913.756340	0.000000	284.186936
CAR_FUEL_CELL	0.000002	0.000000	0.000016
TRAIN_FREIGHT	31.822562	0.000000	48.205783
BOAT_FREIGHT_DIESEL	0.000000	0.000000	0.000003
BOAT_FREIGHT_NG	0.000016	0.000000	0.000632
BOAT_FREIGHT_METHANOL	21.641260	0.000000	883.405550
TRUCK_DIESEL	491.597096	0.000000	5484.778131
TRUCK_METHANOL	0.000003	0.000000	0.000034
TRUCK_FUEL_CELL	18.073933	0.000000	0.275451
TRUCK_ELEC	0.000001	0.000000	0.000000
TRUCK_NG	0.000006	0.000000	0.000072
HABER_BOSCH	0.000423	0.000000	0.000019
SYN_METHANOLATION	0.000047	0.000000	0.000003
METHANE_TO_METHANOL	0.000003	0.000000	0.000010
BIOMASS_TO_METHANOL	0.000038	0.000000	0.000253
OIL_TO_HVC	0.000131	0.000000	0.000864
GAS_TO_HVC	0.000045	0.000000	0.000202
METHANOL_TO_HVC	239.377969	0.000000	0.000000
ADLIBIO_TO_HVC	0.000041	0.000000	0.000135
PHS	603.428684	0.000000	0.000000
BATT_LI	0.000127	0.000000	0.000000
BEV_BATT	0.000000	0.000000	0.000000
PHEV_BATT	0.000935	0.000000	0.000000
TS_DEC_DIRECT_ELEC	0.000051	0.000000	0.000000
TS_DEC_HP_ELEC	13.470989	0.000000	0.000000
TS_DEC_THHP_GAS	0.000341	0.000000	0.000000
TS_DEC_COGEN_GAS	0.000051	0.000000	0.000000
TS_DEC_COGEN_OIL	0.000050	0.000000	0.000000
TS_DEC_ADVCOGEN_GAS	0.000051	0.000000	0.000000
TS_DEC_ADVCOGEN_H2	0.000051	0.000000	0.000000
TS_DEC_BOILER_GAS	0.000051	0.000000	0.000000
TS_DEC_BOILER_WOOD	0.000051	0.000000	0.000000
TS_DEC_BOILER_OIL	0.000051	0.000000	0.000000
TS_DHN_DAILY	0.000300	0.000000	0.000000
TS_DHN_SEASONAL	136.360663	0.000000	0.000000
TS_HIGH_TEMP	6.199535	0.000000	0.000000
GAS_STORAGE	255.304756	0.000000	0.000000
H2_STORAGE	0.001691	0.000000	0.000000
DIESEL_STORAGE	0.002204	0.000000	0.000000
GASOLINE_STORAGE	0.262570	0.000000	0.000000
LFO_STORAGE	1.741873	0.000000	0.000000
AMMONIA_STORAGE	0.015024	0.000000	0.000000
METHANOL_STORAGE	0.017857	0.000000	0.000000
CO2_STORAGE	0.000575	0.000000	0.000000
ADLIBIO_TO_FUEL	50.542354	0.000000	270.162808
AMMONIA_TO_H2	0.000013	0.000000	0.000000
ATM_CCS	0.000006	0.000000	-0.000171
BIO_HYDROLYSIS	0.001336	0.000000	0.761857
BIOMETHANATION	219.793048	0.000000	9805.083389
DHN	0.000000	0.000000	0.000000
EFFICIENCY	0.000000	0.000000	0.000000
GASIFICATION_SNG	0.000001	0.000000	0.000265
GRID	24.285459	0.000000	0.000000
H2_BIOMASS	1.810177	0.000000	1.217010
H2_ELECTROLYSIS	0.000037	0.000000	0.000001
INDUSTRY_CCS	0.000000	0.000000	0.000034
REDIFUEL	0.000008	0.000000	0.000172
SMR	0.000000	0.000000	145.894728
SYN_METHANATION	0.000002	0.000000	0.000000
AMMONIA	0.000000	0.002547	0.000000
AMMONIA_RE_BE	0.000000	0.000000	0.000000
AMMONIA_RE_IMPORT	0.000000	919.861361	0.000000
BIODIESEL	0.000000	-0.000130	0.000000
BIODIESEL_BE	0.000000	0.000000	0.000000
BIOETHANOL	0.000000	-0.000093	0.000000
CO2_ATM	0.000000	0.000000	0.000000
CO2_CAPTURED	0.000000	0.000000	0.000000
CO2_EMISSIONS	0.000000	0.000000	0.000000
CO2_INDUSTRY	0.000000	0.000000	0.000000
COAL	0.000000	0.000203	0.000000
DIESEL	0.000000	744.906325	0.000000
ELEC_EXPORT	0.000000	0.000000	0.000000
ELECTRICITY	0.000000	2308.694852	0.000000
GAS	0.000000	7935.086870	0.000000
GAS_RE_BE	0.000000	0.000000	0.000000
GAS_RE_IMPORT	0.000000	-0.000000	0.000000
GASOLINE	0.000000	756.740201	0.000000
H2	0.000000	0.000004	0.000000
H2_RE_BE	0.000000	0.000000	0.000000
H2_RE_IMPORT	0.000000	0.000252	0.000000
LFO	0.000000	0.000063	0.000000
LFO_RE_BE	0.000000	0.000000	0.000000
METHANOL	0.000000	4568.279604	0.000000
METHANOL_RE_BE	0.000000	0.000000	0.000000
METHANOL_RE_IMPORT	0.000000	-0.000017	0.000000
RES_GEO	0.000000	0.000000	0.000000
RES_HYDRO	0.000000	0.000000	0.000000
RES_SOLAR	0.000000	0.000000	0.000000
RES_WIND	0.000000	0.000000	0.000000
URANIUM	0.000000	0.000000	0.000000
WASTE	0.000000	0.000000	0.000000
WET_BIOMASS	0.000000	-16159.075639	0.000000
WOOD	0.000000	-7483.080031	0.000000
WOOD_PRODUCTION	0.000000	-0.001821	0.000000
