Storage tech	Year flux [TWh]AMMONIA	CO2_ATM	CO2_CAPTURED	CO2_INDUSTRY	COAL	DIESEL	ELECTRICITY	GAS	GASOLINE	H2	LFO	METHANOL	RES_GEO	RES_HYDRO	RES_SOLAR	RES_WIND	URANIUM	WASTE	WET_BIOMASS	WOOD	HEAT_HIGH_T	HEAT_LOW_T_DHN	HEAT_LOW_T_DECEN	MOB_PUBLIC	MOB_PRIVATE	MOB_FREIGHT_RAIL	MOB_FREIGHT_BOAT	MOB_FREIGHT_ROAD	HVC	
 PHS	8.760000	8.760000	8.760000	8.760000	8.760000	8.760000	2378.058703	8.760000	8.760000	8.760000	8.760000	8.760000	8.760000	8.760000	8.760000	8.760000	8.760000	8.760000	8.760000	8.760000	8.760000	8.760000	8.760000	8.760000	8.760000	8.760000	8.760000	8.760000	8.760000
 BATT_LI	8.760000	8.760000	8.760000	8.760000	8.760000	8.760000	8.760000	8.760000	8.760000	8.760000	8.760000	8.760000	8.760000	8.760000	8.760000	8.760000	8.760000	8.760000	8.760000	8.760000	8.760000	8.760000	8.760000	8.760000	8.760000	8.760000	8.760000	8.760000	8.760000
 BEV_BATT	8.760000	8.760000	8.760000	8.760000	8.760000	8.760000	41.596419	8.760000	8.760000	8.760000	8.760000	8.760000	8.760000	8.760000	8.760000	8.760000	8.760000	8.760000	8.760000	8.760000	8.760000	8.760000	8.760000	8.760000	8.760000	8.760000	8.760000	8.760000	8.760000
 PHEV_BATT	8.760000	8.760000	8.760000	8.760000	8.760000	8.760000	8.760000	8.760000	8.760000	8.760000	8.760000	8.760000	8.760000	8.760000	8.760000	8.760000	8.760000	8.760000	8.760000	8.760000	8.760000	8.760000	8.760000	8.760000	8.760000	8.760000	8.760000	8.760000	8.760000
 TS_DEC_DIRECT_ELEC	8.760000	8.760000	8.760000	8.760000	8.760000	8.760000	8.760000	8.760000	8.760000	8.760000	8.760000	8.760000	8.760000	8.760000	8.760000	8.760000	8.760000	8.760000	8.760000	8.760000	8.760000	8.760000	8.760000	8.760000	8.760000	8.760000	8.760000	8.760000	8.760000
 TS_DEC_HP_ELEC	8.760000	8.760000	8.760000	8.760000	8.760000	8.760000	8.760000	8.760000	8.760000	8.760000	8.760000	8.760000	8.760000	8.760000	8.760000	8.760000	8.760000	8.760000	8.760000	8.760000	8.760000	8.760000	264.919945	8.760000	8.760000	8.760000	8.760000	8.760000	8.760000
 TS_DEC_THHP_GAS	8.760000	8.760000	8.760000	8.760000	8.760000	8.760000	8.760000	8.760000	8.760000	8.760000	8.760000	8.760000	8.760000	8.760000	8.760000	8.760000	8.760000	8.760000	8.760000	8.760000	8.760000	8.760000	8.760000	8.760000	8.760000	8.760000	8.760000	8.760000	8.760000
 TS_DEC_COGEN_GAS	8.760000	8.760000	8.760000	8.760000	8.760000	8.760000	8.760000	8.760000	8.760000	8.760000	8.760000	8.760000	8.760000	8.760000	8.760000	8.760000	8.760000	8.760000	8.760000	8.760000	8.760000	8.760000	244.012557	8.760000	8.760000	8.760000	8.760000	8.760000	8.760000
 TS_DEC_COGEN_OIL	8.760000	8.760000	8.760000	8.760000	8.760000	8.760000	8.760000	8.760000	8.760000	8.760000	8.760000	8.760000	8.760000	8.760000	8.760000	8.760000	8.760000	8.760000	8.760000	8.760000	8.760000	8.760000	8.760000	8.760000	8.760000	8.760000	8.760000	8.760000	8.760000
 TS_DEC_ADVCOGEN_GAS	8.760000	8.760000	8.760000	8.760000	8.760000	8.760000	8.760000	8.760000	8.760000	8.760000	8.760000	8.760000	8.760000	8.760000	8.760000	8.760000	8.760000	8.760000	8.760000	8.760000	8.760000	8.760000	8.760000	8.760000	8.760000	8.760000	8.760000	8.760000	8.760000
 TS_DEC_ADVCOGEN_H2	8.760000	8.760000	8.760000	8.760000	8.760000	8.760000	8.760000	8.760000	8.760000	8.760000	8.760000	8.760000	8.760000	8.760000	8.760000	8.760000	8.760000	8.760000	8.760000	8.760000	8.760000	8.760000	8.760000	8.760000	8.760000	8.760000	8.760000	8.760000	8.760000
 TS_DEC_BOILER_GAS	8.760000	8.760000	8.760000	8.760000	8.760000	8.760000	8.760000	8.760000	8.760000	8.760000	8.760000	8.760000	8.760000	8.760000	8.760000	8.760000	8.760000	8.760000	8.760000	8.760000	8.760000	8.760000	2453.330579	8.760000	8.760000	8.760000	8.760000	8.760000	8.760000
 TS_DEC_BOILER_WOOD	8.760000	8.760000	8.760000	8.760000	8.760000	8.760000	8.760000	8.760000	8.760000	8.760000	8.760000	8.760000	8.760000	8.760000	8.760000	8.760000	8.760000	8.760000	8.760000	8.760000	8.760000	8.760000	1418.211246	8.760000	8.760000	8.760000	8.760000	8.760000	8.760000
 TS_DEC_BOILER_OIL	8.760000	8.760000	8.760000	8.760000	8.760000	8.760000	8.760000	8.760000	8.760000	8.760000	8.760000	8.760000	8.760000	8.760000	8.760000	8.760000	8.760000	8.760000	8.760000	8.760000	8.760000	8.760000	4542.163379	8.760000	8.760000	8.760000	8.760000	8.760000	8.760000
 TS_DHN_DAILY	8.760000	8.760000	8.760000	8.760000	8.760000	8.760000	8.760000	8.760000	8.760000	8.760000	8.760000	8.760000	8.760000	8.760000	8.760000	8.760000	8.760000	8.760000	8.760000	8.760000	8.760000	8.760000	8.760000	8.760000	8.760000	8.760000	8.760000	8.760000	8.760000
 TS_DHN_SEASONAL	8.760000	8.760000	8.760000	8.760000	8.760000	8.760000	8.760000	8.760000	8.760000	8.760000	8.760000	8.760000	8.760000	8.760000	8.760000	8.760000	8.760000	8.760000	8.760000	8.760000	8.760000	474.377202	8.760000	8.760000	8.760000	8.760000	8.760000	8.760000	8.760000
 TS_HIGH_TEMP	8.760000	8.760000	8.760000	8.760000	8.760000	8.760000	8.760000	8.760000	8.760000	8.760000	8.760000	8.760000	8.760000	8.760000	8.760000	8.760000	8.760000	8.760000	8.760000	8.760000	8.760000	8.760000	8.760000	8.760000	8.760000	8.760000	8.760000	8.760000	8.760000
 GAS_STORAGE	8.760000	8.760000	8.760000	8.760000	8.760000	8.760000	8.760000	7343.589443	8.760000	8.760000	8.760000	8.760000	8.760000	8.760000	8.760000	8.760000	8.760000	8.760000	8.760000	8.760000	8.760000	8.760000	8.760000	8.760000	8.760000	8.760000	8.760000	8.760000	8.760000
 H2_STORAGE	8.760000	8.760000	8.760000	8.760000	8.760000	8.760000	8.760000	8.760000	8.760000	8.760000	8.760000	8.760000	8.760000	8.760000	8.760000	8.760000	8.760000	8.760000	8.760000	8.760000	8.760000	8.760000	8.760000	8.760000	8.760000	8.760000	8.760000	8.760000	8.760000
 DIESEL_STORAGE	8.760000	8.760000	8.760000	8.760000	8.760000	8.760000	8.760000	8.760000	8.760000	8.760000	8.760000	8.760000	8.760000	8.760000	8.760000	8.760000	8.760000	8.760000	8.760000	8.760000	8.760000	8.760000	8.760000	8.760000	8.760000	8.760000	8.760000	8.760000	8.760000
 GASOLINE_STORAGE	8.760000	8.760000	8.760000	8.760000	8.760000	8.760000	8.760000	8.760000	1041.697463	8.760000	8.760000	8.760000	8.760000	8.760000	8.760000	8.760000	8.760000	8.760000	8.760000	8.760000	8.760000	8.760000	8.760000	8.760000	8.760000	8.760000	8.760000	8.760000	8.760000
 LFO_STORAGE	8.760000	8.760000	8.760000	8.760000	8.760000	8.760000	8.760000	8.760000	8.760000	8.760000	8.761914	8.760000	8.760000	8.760000	8.760000	8.760000	8.760000	8.760000	8.760000	8.760000	8.760000	8.760000	8.760000	8.760000	8.760000	8.760000	8.760000	8.760000	8.760000
 AMMONIA_STORAGE	2778.530911	8.760000	8.760000	8.760000	8.760000	8.760000	8.760000	8.760000	8.760000	8.760000	8.760000	8.760000	8.760000	8.760000	8.760000	8.760000	8.760000	8.760000	8.760000	8.760000	8.760000	8.760000	8.760000	8.760000	8.760000	8.760000	8.760000	8.760000	8.760000
 METHANOL_STORAGE	8.760000	8.760000	8.760000	8.760000	8.760000	8.760000	8.760000	8.760000	8.760000	8.760000	8.760000	8.760000	8.760000	8.760000	8.760000	8.760000	8.760000	8.760000	8.760000	8.760000	8.760000	8.760000	8.760000	8.760000	8.760000	8.760000	8.760000	8.760000	8.760000
 CO2_STORAGE	8.760000	8.760000	8.760000	8.760000	8.760000	8.760000	8.760000	8.760000	8.760000	8.760000	8.760000	8.760000	8.760000	8.760000	8.760000	8.760000	8.760000	8.760000	8.760000	8.760000	8.760000	8.760000	8.760000	8.760000	8.760000	8.760000	8.760000	8.760000	8.760000