TECHNOLOGIES	 c_inv	 c_maint	 lifetime	  f_min	 f	 f_max	 fmin_perc	f_perc	 fmax_perc	 c_p	 c_p_max	 tau	 gwp_constr
 UNITS	[M€/GW]	 [M€/GW/y]	 [y]	 [GW or GWh]	 [GW or GWh]	 [GW or GWh]	 [0-1]	 [0-1]	 [0-1]	 [0-1]	 [0-1]	 [-]	 [ktCO2-eq./GW or GWh]
NUCLEAR	0.000000	0.000000	60.000000	0.000000	0.000000	0.000000	0.000000	0.000000	1.000000	0.000000	0.849000	0.025393	0.000000
CCGT	0.001610	0.000041	25.000000	0.000000	0.000002	Infinity	0.000000	0.000000	1.000000	0.008706	0.961540	0.048263	0.000383
CCGT_AMMONIA	0.000568	0.000014	25.000000	0.000000	0.000001	Infinity	0.000000	0.000000	1.000000	0.000314	0.630000	0.048263	0.000135
COAL_US	0.000000	0.000000	35.000000	0.000000	0.000000	0.000000	0.000000	0.000000	1.000000	0.000000	0.868000	0.036934	0.000000
COAL_IGCC	0.000000	0.000000	35.000000	0.000000	0.000000	0.000000	0.000000	0.000000	1.000000	0.000000	0.856000	0.036934	0.000000
PV	39269.756148	448.463633	25.000000	0.000000	45.137651	59.200000	0.000000	0.539264	1.000000	0.115741	1.000000	0.048263	93950.860391
WIND_ONSHORE	10399.999999	120.960000	30.000000	0.000000	10.000000	10.000000	0.000000	0.229807	1.000000	0.222632	1.000000	0.041639	6228.500000
WIND_OFFSHORE	29847.779997	207.666000	30.000000	0.000000	6.000000	6.000000	0.000000	0.225459	1.000000	0.364034	1.000000	0.041639	3737.100000
HYDRO_RIVER	580.165803	5.801152	40.000000	0.000000	0.115000	0.115000	0.000000	0.005470	1.000000	0.460766	1.000000	0.033427	145.224301
GEOTHERMAL	0.000000	0.000000	30.000000	0.000000	0.000000	0.000000	0.000000	0.000000	1.000000	0.000000	0.950000	0.041639	0.000000
IND_COGEN_GAS	9579.764100	615.778315	25.000000	0.000000	6.803665	Infinity	0.000000	0.672349	1.000000	0.850000	0.850000	0.048263	6969.129893
IND_COGEN_WOOD	0.000776	0.000028	25.000000	0.000000	0.000001	Infinity	0.000000	0.000000	1.000000	0.002195	0.850000	0.048263	0.000119
IND_COGEN_WASTE	0.000825	0.000030	25.000000	0.000000	0.000000	Infinity	0.000000	0.000000	1.000000	0.000347	0.850000	0.048263	0.000183
IND_BOILER_GAS	678.918527	13.602416	17.000000	0.000000	11.528588	Infinity	0.000000	0.208703	1.000000	0.155711	0.950000	0.067080	142.032200
IND_BOILER_WOOD	0.000631	0.000013	17.000000	0.000000	0.000005	Infinity	0.000000	0.000000	1.000000	0.002390	0.900000	0.067080	0.000158
IND_BOILER_OIL	0.000634	0.000014	17.000000	0.000000	0.000012	Infinity	0.000000	0.000000	1.000000	0.001752	0.950000	0.067080	0.000142
IND_BOILER_COAL	0.000758	0.000015	17.000000	0.000000	0.000007	Infinity	0.000000	0.000000	1.000000	0.013863	0.900000	0.067080	0.000317
IND_BOILER_WASTE	199.203602	3.984049	17.000000	0.000000	1.729498	Infinity	0.000000	0.118948	1.000000	0.591568	0.900000	0.067080	49.930613
IND_DIRECT_ELEC	0.011455	0.000052	15.000000	0.000000	0.000034	Infinity	0.000000	0.000000	1.000000	0.030632	0.950000	0.074944	0.000051
DHN_HP_ELEC	2415.569717	81.910029	25.000000	0.000000	7.006525	Infinity	0.000000	0.902281	1.000000	0.668977	0.950000	0.048263	1224.670585
DHN_COGEN_GAS	1008.608273	29.489556	25.000000	0.000000	0.803999	Infinity	0.000000	0.097719	1.000000	0.631386	0.850000	0.048263	394.666860
DHN_COGEN_WOOD	0.000445	0.000016	25.000000	0.000000	0.000000	Infinity	0.000000	0.000000	1.000000	0.000680	0.850000	0.048263	0.000068
DHN_COGEN_WASTE	0.000756	0.000028	25.000000	0.000000	0.000000	Infinity	0.000000	0.000000	1.000000	0.000282	0.850000	0.048263	0.000167
DHN_COGEN_WET_BIOMASS	0.000462	0.000038	25.000000	0.000000	0.000000	Infinity	0.000000	0.000000	1.000000	0.001110	0.750000	0.048263	0.000345
DHN_COGEN_BIO_HYDROLYSIS	0.000344	0.000017	15.000000	0.000000	0.000000	Infinity	0.000000	0.000000	1.000000	0.000176	0.850000	0.074944	0.000049
DHN_BOILER_GAS	0.000170	0.000003	17.000000	0.000000	0.000003	Infinity	0.000000	0.000000	1.000000	0.001976	0.950000	0.067080	0.000036
DHN_BOILER_WOOD	0.000211	0.000004	17.000000	0.000000	0.000002	Infinity	0.000000	0.000000	1.000000	0.000863	0.900000	0.067080	0.000053
DHN_BOILER_OIL	0.000121	0.000003	17.000000	0.000000	0.000002	Infinity	0.000000	0.000000	1.000000	0.000733	0.950000	0.067080	0.000027
DHN_DEEP_GEO	0.000000	0.000000	30.000000	0.000000	0.000000	0.000000	0.000000	0.000000	1.000000	0.000000	0.850000	0.041639	0.000000
DHN_SOLAR	0.000396	0.000000	30.000000	0.000000	0.000001	Infinity	0.000000	0.000000	1.000000	0.000689	1.000000	0.041639	0.000242
DEC_HP_ELEC	9077.993023	378.504449	18.000000	0.000000	18.449705	Infinity	0.000000	0.946994	1.000000	0.449377	1.000000	0.063806	3042.171916
DEC_THHP_GAS	326.318502	9.537423	20.000000	0.000000	1.033700	Infinity	0.000000	0.053006	1.000000	0.448933	1.000000	0.058246	394.801145
DEC_COGEN_GAS	0.001935	0.000124	20.000000	0.000000	0.000001	Infinity	0.000000	0.000000	1.000000	0.005018	1.000000	0.058246	0.001408
DEC_COGEN_OIL	0.000933	0.000057	20.000000	0.000000	0.000001	Infinity	0.000000	0.000000	1.000000	0.000912	1.000000	0.058246	0.000732
DEC_ADVCOGEN_GAS	0.002585	0.000048	20.000000	0.000000	0.000000	Infinity	0.000000	0.000000	1.000000	0.001356	1.000000	0.058246	0.000783
DEC_ADVCOGEN_H2	0.001625	0.000030	20.000000	0.000000	0.000000	Infinity	0.000000	0.000000	1.000000	0.000330	1.000000	0.058246	0.000492
DEC_BOILER_GAS	0.001118	0.000034	17.000000	0.000000	0.000007	Infinity	0.000000	0.000000	1.000000	0.002449	1.000000	0.067080	0.000149
DEC_BOILER_WOOD	0.001104	0.000039	17.000000	0.000000	0.000002	Infinity	0.000000	0.000000	1.000000	0.001437	1.000000	0.067080	0.000050
DEC_BOILER_OIL	0.000917	0.000055	17.000000	0.000000	0.000006	Infinity	0.000000	0.000000	1.000000	0.001278	1.000000	0.067080	0.000136
DEC_SOLAR	0.004754	0.000053	20.000000	0.000000	0.000007	Infinity	0.000000	0.000000	1.000000	0.004143	1.000000	0.058246	0.001463
DEC_DIRECT_ELEC	0.001405	0.000006	15.000000	0.000000	0.000035	Infinity	0.000000	0.000000	1.000000	0.001366	1.000000	0.074944	0.000052
TRAMWAY_TROLLEY	4725.034503	94.500690	30.000000	0.000000	7.560055	Infinity	0.000000	0.300000	0.300000	0.342470	0.342470	0.041639	0.000000
BUS_COACH_DIESEL	0.000309	0.000015	15.000000	0.000000	0.000001	Infinity	0.000000	0.000000	1.000000	0.001531	0.296800	0.074944	0.000000
BUS_COACH_HYDIESEL	0.000306	0.000012	15.000000	0.000000	0.000000	Infinity	0.000000	0.000000	1.000000	0.001122	0.296800	0.074944	0.000000
BUS_COACH_CNG_STOICH	5201.134929	260.057219	15.000000	0.000000	8.510964	Infinity	0.000000	0.292696	1.000000	0.296800	0.296800	0.074944	0.000000
BUS_COACH_FC_HYBRIDH2	0.000209	0.000008	15.000000	0.000000	0.000000	Infinity	0.000000	0.000000	1.000000	0.001841	0.296800	0.074944	0.000000
BUS_COACH_ELECTRIC	0.000606	0.000026	15.000000	0.000000	0.000001	Infinity	0.000000	0.000000	1.000000	0.003723	0.296800	0.074944	0.000000
TRAIN_PUB	19245.649073	694.581705	40.000000	0.000000	12.779146	Infinity	0.000000	0.407304	0.500000	0.275070	0.275070	0.033427	0.000000
CAR_GASOLINE	21014.500003	1200.000000	10.000000	50.000000	50.000000	Infinity	0.000000	0.297614	1.000000	0.051370	0.051370	0.108434	0.000000
CAR_DIESEL	0.000088	0.000005	10.000000	0.000000	0.000000	Infinity	0.000000	0.000000	1.000000	0.000124	0.051370	0.108434	0.000000
CAR_NG	0.000126	0.000007	10.000000	0.000000	0.000000	Infinity	0.000000	0.000000	1.000000	0.000186	0.051370	0.108434	0.000000
CAR_METHANOL	0.000091	0.000005	10.000000	0.000000	0.000000	Infinity	0.000000	0.000000	1.000000	0.000126	0.051370	0.108434	0.000000
CAR_HEV	0.000061	0.000005	10.000000	0.000000	0.000000	Infinity	0.000000	0.000000	1.000000	0.000093	0.051370	0.108434	0.000000
CAR_PHEV	0.022778	0.001697	10.000000	0.000000	0.000050	Infinity	0.000000	0.000000	1.000000	0.015226	0.051370	0.108434	0.000000
CAR_BEV	51193.166500	1180.028271	10.000000	0.000000	118.002827	Infinity	0.000000	0.702386	1.000000	0.051370	0.051370	0.108434	0.000000
CAR_FUEL_CELL	0.000076	0.000001	10.000000	0.000000	0.000000	Infinity	0.000000	0.000000	1.000000	0.000410	0.051370	0.108434	0.000000
TRAIN_FREIGHT	737.033455	14.740046	40.000000	0.000000	7.058355	Infinity	0.000000	1.000000	1.000000	0.342470	0.342470	0.033427	0.000000
BOAT_FREIGHT_DIESEL	0.000909	0.000045	40.000000	0.000000	0.000012	Infinity	0.000000	0.000000	1.000000	0.013589	0.114160	0.033427	0.000000
BOAT_FREIGHT_NG	1941.018349	97.049506	40.000000	0.000000	25.409325	Infinity	0.000000	1.000000	1.000000	0.114160	0.114160	0.033427	0.000000
BOAT_FREIGHT_METHANOL	0.000056	0.000003	40.000000	0.000000	0.000001	Infinity	0.000000	0.000000	1.000000	0.000698	0.114160	0.033427	0.000000
TRUCK_DIESEL	0.000049	0.000002	15.000000	0.000000	0.000000	Infinity	0.000000	0.000000	1.000000	0.000142	0.092590	0.074944	0.000000
TRUCK_METHANOL	0.000009	0.000000	15.000000	0.000000	0.000000	Infinity	0.000000	0.000000	1.000000	0.000034	0.092590	0.074944	0.000000
TRUCK_FUEL_CELL	0.002101	0.000052	15.000000	0.000000	0.000004	Infinity	0.000000	0.000000	1.000000	0.004346	0.092590	0.074944	0.000000
TRUCK_ELEC	20392.194500	1087.107510	15.000000	0.000000	46.993120	Infinity	0.000000	1.000000	1.000000	0.092590	0.092590	0.074944	0.000000
TRUCK_NG	0.000060	0.000003	15.000000	0.000000	0.000000	Infinity	0.000000	0.000000	1.000000	0.000162	0.092590	0.074944	0.000000
HABER_BOSCH	986.053733	19.278689	20.000000	0.000000	1.164172	Infinity	0.000000	1.000000	1.000000	0.999999	1.000000	0.058246	0.000000
SYN_METHANOLATION	0.000603	0.000017	20.000000	0.000000	0.000000	Infinity	0.000000	0.000000	1.000000	0.000577	0.950000	0.058246	0.000000
METHANE_TO_METHANOL	6584.916312	287.934348	25.000000	0.000000	6.869449	Infinity	0.000000	1.000000	1.000000	0.850000	0.850000	0.048263	0.000000
BIOMASS_TO_METHANOL	0.000931	0.000014	20.000000	0.000000	0.000000	Infinity	0.000000	0.000000	1.000000	0.001796	1.000000	0.058246	0.000000
OIL_TO_HVC	145.915079	0.775751	15.000000	0.000000	0.369405	Infinity	0.000000	0.046596	1.000000	0.595800	1.000000	0.074944	0.000000
GAS_TO_HVC	0.001179	0.000029	25.000000	0.000000	0.000001	Infinity	0.000000	0.000000	1.000000	0.001535	1.000000	0.048263	0.000000
METHANOL_TO_HVC	3293.142426	296.382818	20.000000	0.000000	4.723383	Infinity	0.000000	0.953404	1.000000	0.953404	1.000000	0.058246	0.000000
ADLIBIO_TO_HVC	0.000705	0.000016	25.000000	0.000000	0.000001	Infinity	0.000000	0.000000	1.000000	0.001110	1.000000	0.048263	0.000950
PHS	294.000185	0.000000	50.000000	5.000000	5.000003	6.500000	0.000000	-1.000000	1.000000	0.020580	1.000000	0.028572	
BATT_LI	0.005449	0.000008	15.000000	0.000000	0.000018	Infinity	0.000000	-1.000000	1.000000	0.004246	1.000000	0.074944	
BEV_BATT	0.000000	0.000000	1.000000	0.000000	117.066297	Infinity	0.000000	-1.000000	1.000000	0.004433	1.000000	1.015000	
PHEV_BATT	0.000000	0.000000	1.000000	0.000000	0.000010	Infinity	0.000000	-1.000000	1.000000	0.000717	1.000000	1.015000	
TS_DEC_DIRECT_ELEC	0.002814	0.000020	20.000000	0.000000	0.000148	Infinity	0.000000	-1.000000	1.000000	0.000742	1.000000	0.058246	
TS_DEC_HP_ELEC	1113.121089	7.792593	20.000000	0.000000	58.677970	Infinity	0.000000	-1.000000	1.000000	0.030410	1.000000	0.058246	
TS_DEC_THHP_GAS	59.951002	0.419697	20.000000	0.000000	3.160306	Infinity	0.000000	-1.000000	1.000000	0.028201	1.000000	0.058246	
TS_DEC_COGEN_GAS	0.002797	0.000020	20.000000	0.000000	0.000147	Infinity	0.000000	-1.000000	1.000000	0.000798	1.000000	0.058246	
TS_DEC_COGEN_OIL	0.002795	0.000020	20.000000	0.000000	0.000147	Infinity	0.000000	-1.000000	1.000000	0.000416	1.000000	0.058246	
TS_DEC_ADVCOGEN_GAS	0.002779	0.000019	20.000000	0.000000	0.000146	Infinity	0.000000	-1.000000	1.000000	0.000528	1.000000	0.058246	
TS_DEC_ADVCOGEN_H2	0.002803	0.000020	20.000000	0.000000	0.000148	Infinity	0.000000	-1.000000	1.000000	0.000372	1.000000	0.058246	
TS_DEC_BOILER_GAS	0.002799	0.000020	20.000000	0.000000	0.000148	Infinity	0.000000	-1.000000	1.000000	0.000759	1.000000	0.058246	
TS_DEC_BOILER_WOOD	0.002801	0.000020	20.000000	0.000000	0.000148	Infinity	0.000000	-1.000000	1.000000	0.000497	1.000000	0.058246	
TS_DEC_BOILER_OIL	0.002801	0.000020	20.000000	0.000000	0.000148	Infinity	0.000000	-1.000000	1.000000	0.000482	1.000000	0.058246	
TS_DHN_DAILY	0.009950	0.000029	40.000000	0.000000	0.003317	Infinity	0.000000	-1.000000	1.000000	0.001168	1.000000	0.033427	
TS_DHN_SEASONAL	470.805603	2.579259	25.000000	0.000000	871.862227	Infinity	0.000000	-1.000000	1.000000	0.001650	1.000000	0.048263	
TS_HIGH_TEMP	783.260534	8.383095	25.000000	0.000000	27.943651	Infinity	0.000000	-1.000000	1.000000	0.017085	1.000000	0.048263	
GAS_STORAGE	0.004405	0.000115	50.000000	0.000000	0.088095	Infinity	0.000000	-1.000000	1.000000	0.000201	1.000000	0.028572	
H2_STORAGE	0.019978	0.001259	20.000000	0.000000	0.003227	Infinity	0.000000	-1.000000	1.000000	0.002022	1.000000	0.058246	
DIESEL_STORAGE	0.032940	0.001308	20.000000	0.000000	3.294018	Infinity	0.000000	-1.000000	1.000000	0.000000	1.000000	0.058246	
GASOLINE_STORAGE	20.777821	0.824880	20.000000	0.000000	2077.782126	Infinity	0.000000	-1.000000	1.000000	0.000273	1.000000	0.058246	
LFO_STORAGE	16.260099	0.645526	20.000000	0.000000	1626.009905	Infinity	0.000000	-1.000000	1.000000	0.000149	1.000000	0.058246	
AMMONIA_STORAGE	0.000068	0.000003	20.000000	0.000000	0.006784	Infinity	0.000000	-1.000000	1.000000	0.000048	1.000000	0.058246	
METHANOL_STORAGE	0.000002	0.000000	20.000000	0.000000	0.000216	Infinity	0.000000	-1.000000	1.000000	0.000908	1.000000	0.058246	
CO2_STORAGE	0.058398	0.000584	30.000000	0.000000	0.001180	Infinity	0.000000	-1.000000	1.000000	0.000019	1.000000	0.041639	
ADLIBIO_TO_FUEL	1040.771069	19.202418	25.000000	0.000000	1.920242	Infinity	0.000000	-1.000000	1.000000	0.664515	1.000000	0.048263	
AMMONIA_TO_H2	0.000353	0.000033	25.000000	0.000000	0.000001	Infinity	0.000000	-1.000000	1.000000	0.000495	0.860000	0.048263	
ATM_CCS	0.001020	0.000025	40.000000	0.000000	0.000000	Infinity	0.000000	-1.000000	1.000000	0.000888	1.000000	0.033427	
BIO_HYDROLYSIS	3517.908626	239.853278	15.000000	0.000000	2.209867	Infinity	0.000000	-1.000000	1.000000	0.850000	0.850000	0.074944	
BIOMETHANATION	0.003781	0.000052	20.000000	0.000000	0.000004	Infinity	0.000000	-1.000000	1.000000	0.025615	0.850000	0.058246	
DHN	6585.064773	0.000000	60.000000	0.000000	7.973392	Infinity	0.000000	-1.000000	1.000000	0.000000	1.000000	0.025393	
EFFICIENCY	5517.241379	0.000000	1.000000	0.000000	0.985222	Infinity	0.000000	-1.000000	1.000000	0.000000	1.000000	1.015000	
GASIFICATION_SNG	0.000377	0.000027	25.000000	0.000000	0.000000	Infinity	0.000000	-1.000000	1.000000	0.000639	0.850000	0.048263	
GRID	97405.487944	0.000000	80.000000	0.000000	1.300143	Infinity	0.000000	-1.000000	1.000000	0.000000	1.000000	0.021548	
H2_BIOMASS	1357.706845	95.648857	25.000000	0.000000	0.537623	Infinity	0.000000	-1.000000	1.000000	0.860000	0.860000	0.048263	
H2_ELECTROLYSIS	249.690773	6.866521	15.000000	0.000000	0.358648	Infinity	0.000000	-1.000000	1.000000	0.209886	0.900000	0.074944	
INDUSTRY_CCS	0.000518	0.000013	40.000000	0.000000	0.000000	Infinity	0.000000	-1.000000	1.000000	0.000509	1.000000	0.033427	
REDIFUEL	0.000863	0.000023	25.000000	0.000000	0.000000	Infinity	0.000000	-1.000000	1.000000	0.000244	1.000000	0.048263	
SMR	1269.956137	117.193443	25.000000	0.000000	1.864183	Infinity	0.000000	-1.000000	1.000000	0.804504	0.860000	0.048263	
SYN_METHANATION	0.000244	0.000062	40.000000	0.000000	0.000001	Infinity	0.000000	-1.000000	1.000000	0.001636	1.000000	0.033427	