Name	LCA_tech	LCA_res	LCA_op
NUCLEAR	0.000000	0.000000	0.000000
CCGT	0.000041	0.000000	0.006804
CCGT_AMMONIA	0.000000	0.000000	0.000003
COAL_US	0.000000	0.000000	0.000000
COAL_IGCC	0.000000	0.000000	0.000000
PV	1168.595935	0.000000	0.000000
WIND_ONSHORE	133.608562	0.000000	2.125364
WIND_OFFSHORE	118.263248	0.000000	2.998618
HYDRO_RIVER	3.051277	0.000000	0.009558
GEOTHERMAL	0.000000	0.000000	0.000000
IND_COGEN_GAS	54.349319	0.000000	11410.738194
IND_COGEN_WOOD	0.000004	0.000000	0.001533
IND_COGEN_WASTE	0.000004	0.000000	0.000667
IND_BOILER_GAS	4.899721	0.000000	3016.375524
IND_BOILER_WOOD	0.000028	0.000000	0.001414
IND_BOILER_OIL	0.000009	0.000000	0.001749
IND_BOILER_COAL	0.000050	0.000000	0.002425
IND_BOILER_WASTE	11.040099	0.000000	4472.983854
IND_DIRECT_ELEC	0.247446	0.000000	0.000000
DHN_HP_ELEC	31.009864	0.000000	453.975678
DHN_COGEN_GAS	12.381204	0.000000	4955.250050
DHN_COGEN_WOOD	0.000000	0.000000	0.000746
DHN_COGEN_WASTE	0.000003	0.000000	0.000660
DHN_COGEN_WET_BIOMASS	0.000062	0.000000	0.002975
DHN_COGEN_BIO_HYDROLYSIS	0.000000	0.000000	0.000512
DHN_BOILER_GAS	0.000004	0.000000	0.000805
DHN_BOILER_WOOD	0.000004	0.000000	0.000581
DHN_BOILER_OIL	0.000001	0.000000	0.000292
DHN_DEEP_GEO	0.000000	0.000000	0.000000
DHN_SOLAR	0.000062	0.000000	0.000000
DEC_HP_ELEC	132.957074	0.000000	1352.295365
DEC_THHP_GAS	0.001064	0.000000	0.035501
DEC_COGEN_GAS	0.000039	0.000000	0.002037
DEC_COGEN_OIL	0.000070	0.000000	0.005929
DEC_ADVCOGEN_GAS	0.000025	0.000000	0.001626
DEC_ADVCOGEN_H2	0.000006	0.000000	0.000006
DEC_BOILER_GAS	0.000023	0.000000	0.000769
DEC_BOILER_WOOD	0.000015	0.000000	0.001216
DEC_BOILER_OIL	0.000020	0.000000	0.000978
DEC_SOLAR	0.000368	0.000000	0.000000
DEC_DIRECT_ELEC	0.000004	0.000000	0.000000
TRAMWAY_TROLLEY	6.777615	0.000000	0.000000
BUS_COACH_DIESEL	0.000006	0.000000	0.000111
BUS_COACH_HYDIESEL	0.000007	0.000000	0.000102
BUS_COACH_CNG_STOICH	70.532369	0.000000	1113.868884
BUS_COACH_FC_HYBRIDH2	0.000013	0.000000	0.000018
BUS_COACH_ELECTRIC	0.000129	0.000000	0.000069
TRAIN_PUB	20.546126	0.000000	4.412861
CAR_GASOLINE	807.192494	0.000000	3184.409261
CAR_DIESEL	0.000006	0.000000	0.000052
CAR_NG	0.000007	0.000000	0.000041
CAR_METHANOL	0.000007	0.000000	0.000059
CAR_HEV	0.000005	0.000000	0.000037
CAR_PHEV	0.002206	0.000000	0.001194
CAR_BEV	2866.914853	0.000000	455.304881
CAR_FUEL_CELL	0.000010	0.000000	0.000004
TRAIN_FREIGHT	28.944180	0.000000	48.205783
BOAT_FREIGHT_DIESEL	0.000001	0.000000	0.000031
BOAT_FREIGHT_NG	0.000005	0.000000	0.000232
BOAT_FREIGHT_METHANOL	19.784960	0.000000	857.363795
TRUCK_DIESEL	337.456023	0.000000	3930.809992
TRUCK_METHANOL	0.000078	0.000000	0.001071
TRUCK_FUEL_CELL	0.000664	0.000000	0.000013
TRUCK_ELEC	188.028698	0.000000	3.600530
TRUCK_NG	0.000045	0.000000	0.000595
HABER_BOSCH	24.800443	0.000000	0.517566
SYN_METHANOLATION	0.000008	0.000000	0.000005
METHANE_TO_METHANOL	0.000008	0.000000	0.000024
BIOMASS_TO_METHANOL	0.000013	0.000000	0.000524
OIL_TO_HVC	0.000043	0.000000	0.000741
GAS_TO_HVC	0.000165	0.000000	0.001056
METHANOL_TO_HVC	199.452211	0.000000	0.000000
ADLIBIO_TO_HVC	0.000212	0.000000	0.008697
PHS	546.176400	0.000000	0.000000
BATT_LI	0.000273	0.000000	0.000000
BEV_BATT	0.000000	0.000000	0.000000
PHEV_BATT	0.001809	0.000000	0.000000
TS_DEC_DIRECT_ELEC	0.000093	0.000000	0.000000
TS_DEC_HP_ELEC	17.169978	0.000000	0.000000
TS_DEC_THHP_GAS	0.000101	0.000000	0.000000
TS_DEC_COGEN_GAS	0.000093	0.000000	0.000000
TS_DEC_COGEN_OIL	0.000093	0.000000	0.000000
TS_DEC_ADVCOGEN_GAS	0.000093	0.000000	0.000000
TS_DEC_ADVCOGEN_H2	0.000093	0.000000	0.000000
TS_DEC_BOILER_GAS	0.000093	0.000000	0.000000
TS_DEC_BOILER_WOOD	0.000093	0.000000	0.000000
TS_DEC_BOILER_OIL	0.000093	0.000000	0.000000
TS_DHN_DAILY	0.000434	0.000000	0.000000
TS_DHN_SEASONAL	173.847403	0.000000	0.000000
TS_HIGH_TEMP	9.980678	0.000000	0.000000
GAS_STORAGE	234.201859	0.000000	0.000000
H2_STORAGE	2.183689	0.000000	0.000000
DIESEL_STORAGE	0.004191	0.000000	0.000000
GASOLINE_STORAGE	0.901608	0.000000	0.000000
LFO_STORAGE	0.003982	0.000000	0.000000
AMMONIA_STORAGE	0.017755	0.000000	0.000000
METHANOL_STORAGE	0.018482	0.000000	0.000000
CO2_STORAGE	0.001197	0.000000	0.000000
ADLIBIO_TO_FUEL	62.633540	0.000000	347.647701
AMMONIA_TO_H2	0.000004	0.000000	0.000000
ATM_CCS	0.000003	0.000000	-0.000407
BIO_HYDROLYSIS	15.401461	0.000000	10124.484946
BIOMETHANATION	0.002072	0.000000	0.077947
DHN	0.000000	0.000000	0.000000
EFFICIENCY	0.000000	0.000000	0.000000
GASIFICATION_SNG	0.000000	0.000000	0.000720
GRID	23.355209	0.000000	0.000000
H2_BIOMASS	0.978069	0.000000	0.644293
H2_ELECTROLYSIS	0.000036	0.000000	0.000001
INDUSTRY_CCS	0.000000	0.000000	0.000092
REDIFUEL	0.000010	0.000000	0.000291
SMR	0.000000	0.000000	0.002174
SYN_METHANATION	0.000002	0.000000	0.000000
AMMONIA	0.000000	-0.033717	0.000000
AMMONIA_RE_BE	0.000000	0.000000	0.000000
AMMONIA_RE_IMPORT	0.000000	739.596842	0.000000
BIODIESEL	0.000000	-0.000198	0.000000
BIODIESEL_BE	0.000000	0.000000	0.000000
BIOETHANOL	0.000000	-0.000084	0.000000
CO2_ATM	0.000000	0.000000	0.000000
CO2_CAPTURED	0.000000	0.000000	0.000000
CO2_EMISSIONS	0.000000	0.000000	0.000000
CO2_INDUSTRY	0.000000	0.000000	0.000000
COAL	0.000000	0.000276	0.000000
DIESEL	0.000000	521.323643	0.000000
ELEC_EXPORT	0.000000	0.000000	0.000000
ELECTRICITY	0.000000	1100.911979	0.000000
GAS	0.000000	5588.627251	0.000000
GAS_RE_BE	0.000000	0.000000	0.000000
GAS_RE_IMPORT	0.000000	-0.000000	0.000000
GASOLINE	0.000000	0.000142	0.000000
H2	0.000000	0.000004	0.000000
H2_RE_BE	0.000000	0.000000	0.000000
H2_RE_IMPORT	0.000000	461.470752	0.000000
LFO	0.000000	0.000308	0.000000
LFO_RE_BE	0.000000	0.000000	0.000000
METHANOL	0.000000	4217.342556	0.000000
METHANOL_RE_BE	0.000000	0.000000	0.000000
METHANOL_RE_IMPORT	0.000000	-0.000057	0.000000
RES_GEO	0.000000	0.000000	0.000000
RES_HYDRO	0.000000	0.000000	0.000000
RES_SOLAR	0.000000	0.000000	0.000000
RES_WIND	0.000000	0.000000	0.000000
URANIUM	0.000000	0.000000	0.000000
WASTE	0.000000	0.000000	0.000000
WET_BIOMASS	0.000000	-16198.327393	0.000000
WOOD	0.000000	-7496.776480	0.000000
WOOD_PRODUCTION	0.000000	-0.043480	0.000000
