Name	LCA_tech	LCA_res	LCA_op
NUCLEAR	62.630619	0.000000	50.355684
CCGT	3.195277	0.000000	242.605994
CCGT_AMMONIA	0.000002	0.000000	0.000000
COAL_US	0.000002	0.000000	0.000193
COAL_IGCC	0.000002	0.000000	0.000176
PV	242.991416	0.000000	0.000000
WIND_ONSHORE	95.186552	0.000000	1.283103
WIND_OFFSHORE	0.000004	0.000000	0.000000
HYDRO_RIVER	4.213526	0.000000	0.012422
GEOTHERMAL	0.000014	0.000000	0.000000
IND_COGEN_GAS	17.257376	0.000000	2029.174103
IND_COGEN_WOOD	0.000000	0.000000	0.000000
IND_COGEN_WASTE	15.131537	0.000000	4584.779311
IND_BOILER_GAS	4.460176	0.000000	4319.561308
IND_BOILER_WOOD	0.000000	0.000000	0.000000
IND_BOILER_OIL	2.535070	0.000000	3342.531754
IND_BOILER_COAL	19.517854	0.000000	7242.099051
IND_BOILER_WASTE	0.000000	0.000000	0.000000
IND_DIRECT_ELEC	0.000000	0.000000	0.000000
DHN_HP_ELEC	5.375936	0.000000	23.308364
DHN_COGEN_GAS	24.388640	0.000000	7816.743232
DHN_COGEN_WOOD	6.354115	0.000000	1423.780490
DHN_COGEN_WASTE	32.551751	0.000000	6438.253438
DHN_COGEN_WET_BIOMASS	0.000000	0.000000	0.000000
DHN_COGEN_BIO_HYDROLYSIS	0.000000	0.000000	0.000000
DHN_BOILER_GAS	1.272572	0.000000	935.384082
DHN_BOILER_WOOD	0.000000	0.000000	0.000000
DHN_BOILER_OIL	0.178097	0.000000	65.247255
DHN_DEEP_GEO	0.000000	0.000000	0.000000
DHN_SOLAR	0.000000	0.000000	0.000000
DEC_HP_ELEC	2.520489	0.000000	18.708907
DEC_THHP_GAS	0.000000	0.000000	0.000000
DEC_COGEN_GAS	7.420371	0.000000	267.459558
DEC_COGEN_OIL	0.000000	0.000000	0.000000
DEC_ADVCOGEN_GAS	0.000000	0.000000	0.000000
DEC_ADVCOGEN_H2	0.000000	0.000000	0.000000
DEC_BOILER_GAS	33.838691	0.000000	7921.821958
DEC_BOILER_WOOD	49.265732	0.000000	4253.243709
DEC_BOILER_OIL	44.688601	0.000000	13380.382076
DEC_SOLAR	40.354933	0.000000	0.000000
DEC_DIRECT_ELEC	0.000000	0.000000	0.000000
TRAMWAY_TROLLEY	17.591576	0.000000	0.000000
BUS_COACH_DIESEL	0.000000	0.000000	0.000000
BUS_COACH_HYDIESEL	0.000000	0.000000	0.000000
BUS_COACH_CNG_STOICH	37.899506	0.000000	405.371953
BUS_COACH_FC_HYBRIDH2	0.000000	0.000000	0.000000
BUS_COACH_ELECTRIC	0.000000	0.000000	0.000001
TRAIN_PUB	19.113868	0.000000	2.753408
CAR_GASOLINE	1266.527171	0.000000	3797.623107
CAR_DIESEL	1619.609814	0.000000	4171.654515
CAR_NG	6.107292	0.000000	12.243828
CAR_METHANOL	0.000000	0.000000	0.000000
CAR_HEV	53.104922	0.000000	102.024724
CAR_PHEV	0.000445	0.000000	0.000000
CAR_BEV	43.863330	0.000000	5.858952
CAR_FUEL_CELL	0.000000	0.000000	0.000000
TRAIN_FREIGHT	32.381618	0.000000	39.375631
BOAT_FREIGHT_DIESEL	9.229008	0.000000	287.505657
BOAT_FREIGHT_NG	0.000000	0.000000	0.000000
BOAT_FREIGHT_METHANOL	12.233802	0.000000	423.761213
TRUCK_DIESEL	454.059319	0.000000	4506.525514
TRUCK_METHANOL	0.000000	0.000000	0.000000
TRUCK_FUEL_CELL	0.000000	0.000000	0.000000
TRUCK_ELEC	0.000000	0.000000	0.000000
TRUCK_NG	38.678682	0.000000	412.268116
HABER_BOSCH	225.316746	0.000000	13.394573
SYN_METHANOLATION	0.000007	0.000000	0.000002
METHANE_TO_METHANOL	1.305910	0.000000	8.502524
BIOMASS_TO_METHANOL	0.000008	0.000000	0.000026
OIL_TO_HVC	58.587372	0.000000	248.700329
GAS_TO_HVC	365.413857	0.000000	11623.859646
METHANOL_TO_HVC	0.000000	0.000000	0.000000
ADLIBIO_TO_HVC	0.000000	0.000000	0.000000
PHS	755.925558	0.000000	0.000000
BATT_LI	0.000025	0.000000	0.000000
BEV_BATT	0.000000	0.000000	0.000000
PHEV_BATT	0.000329	0.000000	0.000000
TS_DEC_DIRECT_ELEC	0.000024	0.000000	0.000000
TS_DEC_HP_ELEC	0.237908	0.000000	0.000000
TS_DEC_THHP_GAS	0.000024	0.000000	0.000000
TS_DEC_COGEN_GAS	0.265504	0.000000	0.000000
TS_DEC_COGEN_OIL	0.000024	0.000000	0.000000
TS_DEC_ADVCOGEN_GAS	0.000024	0.000000	0.000000
TS_DEC_ADVCOGEN_H2	0.000024	0.000000	0.000000
TS_DEC_BOILER_GAS	3.564332	0.000000	0.000000
TS_DEC_BOILER_WOOD	1.805525	0.000000	0.000000
TS_DEC_BOILER_OIL	0.863037	0.000000	0.000000
TS_DHN_DAILY	4.898624	0.000000	0.000000
TS_DHN_SEASONAL	55.644105	0.000000	0.000000
TS_HIGH_TEMP	0.000095	0.000000	0.000000
GAS_STORAGE	0.008919	0.000000	0.000000
H2_STORAGE	2.077890	0.000000	0.000000
DIESEL_STORAGE	0.000843	0.000000	0.000000
GASOLINE_STORAGE	0.000850	0.000000	0.000000
LFO_STORAGE	0.000811	0.000000	0.000000
AMMONIA_STORAGE	0.004462	0.000000	0.000000
METHANOL_STORAGE	0.000798	0.000000	0.000000
CO2_STORAGE	0.000447	0.000000	0.000000
ADLIBIO_TO_FUEL	0.000000	0.000000	0.000000
AMMONIA_TO_H2	0.000004	0.000000	0.000000
ATM_CCS	0.000005	0.000000	-0.000172
BIO_HYDROLYSIS	0.000001	0.000000	0.000019
BIOMETHANATION	0.000005	0.000000	0.000022
DHN	0.000000	0.000000	0.000000
EFFICIENCY	0.000000	0.000000	0.000000
GASIFICATION_SNG	0.000000	0.000000	0.000018
GRID	27.623083	0.000000	0.000000
H2_BIOMASS	0.000000	0.000000	0.000000
H2_ELECTROLYSIS	0.000003	0.000000	0.000000
INDUSTRY_CCS	0.000000	0.000000	0.000105
REDIFUEL	0.000002	0.000000	0.000019
SMR	0.000000	0.000000	2825.859685
SYN_METHANATION	0.000001	0.000000	0.000000
AMMONIA	0.000000	114.380453	0.000000
AMMONIA_RE_BE	0.000000	0.000000	0.000000
AMMONIA_RE_IMPORT	0.000000	0.000000	0.000000
BIODIESEL	0.000000	-0.000000	0.000000
BIODIESEL_BE	0.000000	0.000000	0.000000
BIOETHANOL	0.000000	-0.000000	0.000000
CO2_ATM	0.000000	0.000000	0.000000
CO2_CAPTURED	0.000000	0.000000	0.000000
CO2_EMISSIONS	0.000000	0.000000	0.000000
CO2_INDUSTRY	0.000000	0.000000	0.000000
COAL	0.000000	1003.994739	0.000000
DIESEL	0.000000	1192.573155	0.000000
ELEC_EXPORT	0.000000	0.000000	0.000000
ELECTRICITY	0.000000	122.644285	0.000000
GAS	0.000000	15934.132136	0.000000
GAS_RE_BE	0.000000	0.000000	0.000000
GAS_RE_IMPORT	0.000000	0.000000	0.000000
GASOLINE	0.000000	673.897107	0.000000
H2	0.000000	0.000001	0.000000
H2_RE_BE	0.000000	0.000000	0.000000
H2_RE_IMPORT	0.000000	0.000000	0.000000
LFO	0.000000	2618.722290	0.000000
LFO_RE_BE	0.000000	0.000000	0.000000
METHANOL	0.000000	90.595571	0.000000
METHANOL_RE_BE	0.000000	0.000000	0.000000
METHANOL_RE_IMPORT	0.000000	0.000000	0.000000
RES_GEO	0.000000	0.000000	0.000000
RES_HYDRO	0.000000	0.000000	0.000000
RES_SOLAR	0.000000	0.000000	0.000000
RES_WIND	0.000000	0.000000	0.000000
URANIUM	0.000000	169.760823	0.000000
WASTE	0.000000	0.000000	0.000000
WET_BIOMASS	0.000000	-0.000037	0.000000
WOOD	0.000000	-4914.140169	0.000000
WOOD_PRODUCTION	0.000000	0.000000	0.000000
