Name	Crit_2_tech	Crit_2_res	Crit_2_op
NUCLEAR	0.000000	0.000000	0.000000
CCGT	0.000015	0.000000	-0.002896
CCGT_AMMONIA	436.361638	0.000000	103.441614
COAL_US	0.000000	0.000000	0.000000
COAL_IGCC	0.000000	0.000000	0.000000
PV	12898.212784	0.000000	0.000000
WIND_ONSHORE	3432.730991	0.000000	102.125718
WIND_OFFSHORE	1127.774154	0.000000	145.539757
HYDRO_RIVER	42.746546	0.000000	-7.573921
GEOTHERMAL	0.000000	0.000000	0.000000
IND_COGEN_GAS	390.226382	0.000000	636.437034
IND_COGEN_WOOD	0.000001	0.000000	0.000001
IND_COGEN_WASTE	0.000008	0.000000	0.000002
IND_BOILER_GAS	24.369554	0.000000	0.000000
IND_BOILER_WOOD	0.000054	0.000000	0.000001
IND_BOILER_OIL	0.000006	0.000000	0.000000
IND_BOILER_COAL	0.000001	0.000000	0.000000
IND_BOILER_WASTE	240.983981	0.000000	171.066977
IND_DIRECT_ELEC	9.028008	0.000000	0.000000
DHN_HP_ELEC	186.207353	0.000000	12.469867
DHN_COGEN_GAS	0.000008	0.000000	0.000006
DHN_COGEN_WOOD	0.000004	0.000000	0.000000
DHN_COGEN_WASTE	0.000006	0.000000	0.000001
DHN_COGEN_WET_BIOMASS	0.000189	0.000000	0.000063
DHN_COGEN_BIO_HYDROLYSIS	0.000008	0.000000	0.000043
DHN_BOILER_GAS	0.000001	0.000000	0.000000
DHN_BOILER_WOOD	0.000009	0.000000	0.000000
DHN_BOILER_OIL	0.000001	0.000000	0.000000
DHN_DEEP_GEO	0.000000	0.000000	0.000000
DHN_SOLAR	0.000004	0.000000	0.000000
DEC_HP_ELEC	649.861518	0.000000	27.191807
DEC_THHP_GAS	0.000102	0.000000	0.000000
DEC_COGEN_GAS	0.000017	0.000000	0.000004
DEC_COGEN_OIL	0.000021	0.000000	0.000001
DEC_ADVCOGEN_GAS	0.000041	0.000000	0.000019
DEC_ADVCOGEN_H2	0.000028	0.000000	0.000045
DEC_BOILER_GAS	0.000023	0.000000	0.000000
DEC_BOILER_WOOD	0.000135	0.000000	0.000000
DEC_BOILER_OIL	0.000018	0.000000	0.000000
DEC_SOLAR	0.000095	0.000000	0.000000
DEC_DIRECT_ELEC	0.000006	0.000000	0.000000
TRAMWAY_TROLLEY	90.902559	0.000000	0.000000
BUS_COACH_DIESEL	0.000007	0.000000	0.000000
BUS_COACH_HYDIESEL	0.000009	0.000000	0.000000
BUS_COACH_CNG_STOICH	0.000020	0.000000	0.000000
BUS_COACH_FC_HYBRIDH2	0.001077	0.000000	0.000001
BUS_COACH_ELECTRIC	1939.774325	0.000000	1.474071
TRAIN_PUB	448.327703	0.000000	0.000000
CAR_GASOLINE	0.000003	0.000000	0.000002
CAR_DIESEL	0.000003	0.000000	0.000001
CAR_NG	0.000004	0.000000	0.000002
CAR_METHANOL	0.000004	0.000000	0.000002
CAR_HEV	0.000003	0.000000	0.000001
CAR_PHEV	0.002273	0.000000	0.000229
CAR_BEV	45934.394203	0.000000	5754.789012
CAR_FUEL_CELL	0.000017	0.000000	0.000003
TRAIN_FREIGHT	293.336353	0.000000	0.000000
BOAT_FREIGHT_DIESEL	0.000182	0.000000	0.000004
BOAT_FREIGHT_NG	238.944122	0.000000	5.339627
BOAT_FREIGHT_METHANOL	0.000000	0.000000	0.000000
TRUCK_DIESEL	0.000023	0.000000	0.000000
TRUCK_METHANOL	0.000003	0.000000	0.000000
TRUCK_FUEL_CELL	11919.052677	0.000000	0.642515
TRUCK_ELEC	0.000035	0.000000	0.000000
TRUCK_NG	0.000001	0.000000	0.000023
HABER_BOSCH	0.000760	0.000000	0.000002
SYN_METHANOLATION	0.000258	0.000000	0.000022
METHANE_TO_METHANOL	6.471766	0.000000	4.754475
BIOMASS_TO_METHANOL	0.000110	0.000000	0.000057
OIL_TO_HVC	0.000332	0.000000	0.000000
GAS_TO_HVC	0.000000	0.000000	0.000000
METHANOL_TO_HVC	7200.195201	0.000000	0.000000
ADLIBIO_TO_FUEL	0.000188	0.000000	0.000069
PHS	6479.175789	0.000000	0.000000
BATT_LI	449.189604	0.000000	0.000000
BEV_BATT	0.000000	0.000000	0.000000
PHEV_BATT	0.002543	0.000000	0.000000
TS_DEC_DIRECT_ELEC	0.000280	0.000000	0.000000
TS_DEC_HP_ELEC	438.268393	0.000000	0.000000
TS_DEC_THHP_GAS	0.000280	0.000000	0.000000
TS_DEC_COGEN_GAS	0.000282	0.000000	0.000000
TS_DEC_COGEN_OIL	0.000292	0.000000	0.000000
TS_DEC_ADVCOGEN_GAS	0.000284	0.000000	0.000000
TS_DEC_ADVCOGEN_H2	0.000281	0.000000	0.000000
TS_DEC_BOILER_GAS	0.000280	0.000000	0.000000
TS_DEC_BOILER_WOOD	0.000247	0.000000	0.000000
TS_DEC_BOILER_OIL	0.000281	0.000000	0.000000
TS_DHN_DAILY	0.007613	0.000000	0.000000
TS_DHN_SEASONAL	5402.494773	0.000000	0.000000
TS_HIGH_TEMP	406.370091	0.000000	0.000000
GAS_STORAGE	0.011047	0.000000	0.000000
H2_STORAGE	0.001636	0.000000	0.000000
DIESEL_STORAGE	0.008333	0.000000	0.000000
GASOLINE_STORAGE	0.008614	0.000000	0.000000
LFO_STORAGE	0.007247	0.000000	0.000000
AMMONIA_STORAGE	0.008824	0.000000	0.000000
METHANOL_STORAGE	0.143616	0.000000	0.000000
CO2_STORAGE	0.000532	0.000000	0.000000
ADLIBIO_TO_HVC	0.000072	0.000000	0.000015
AMMONIA_TO_H2	0.000050	0.000000	0.000000
ATM_CCS	0.000013	0.000000	0.000020
BIO_HYDROLYSIS	1607.382694	0.000000	12253.104281
BIOMETHANATION	0.000556	0.000000	0.000295
DHN	0.000000	0.000000	0.000000
EFFICIENCY	0.000000	0.000000	0.000000
GASIFICATION_SNG	0.000000	0.000000	0.000048
GRID	919.205498	0.000000	0.000000
H2_BIOMASS	603.076529	0.000000	47.174188
H2_ELECTROLYSIS	218.431834	0.000000	2.580430
INDUSTRY_CCS	0.000000	0.000000	0.000003
REDIFUEL	0.000024	0.000000	0.000009
SMR	0.000000	0.000000	0.000001
SYN_METHANATION	0.000119	0.000000	0.000000
AMMONIA	0.000000	0.000038	0.000000
AMMONIA_RE_BE	0.000000	0.000000	0.000000
AMMONIA_RE_IMPORT	0.000000	0.001761	0.000000
BIODIESEL	0.000000	0.044964	0.000000
BIODIESEL_BE	0.000000	0.000000	0.000000
BIOETHANOL	0.000000	0.013956	0.000000
CO2_ATM	0.000000	0.000000	0.000000
CO2_CAPTURED	0.000000	0.000000	0.000000
CO2_EMISSIONS	0.000000	0.000000	0.000000
CO2_INDUSTRY	0.000000	0.000000	0.000000
COAL	0.000000	0.000000	0.000000
DIESEL	0.000000	0.000359	0.000000
ELEC_EXPORT	0.000000	0.000000	0.000000
ELECTRICITY	0.000000	42652.717821	0.000000
GAS	0.000000	5825.034489	0.000000
GAS_RE_BE	0.000000	0.000000	0.000000
GAS_RE_IMPORT	0.000000	0.000012	0.000000
GASOLINE	0.000000	0.000176	0.000000
H2	0.000000	0.000000	0.000000
H2_RE_BE	0.000000	0.000000	0.000000
H2_RE_IMPORT	0.000000	0.000005	0.000000
LFO	0.000000	0.000471	0.000000
LFO_RE_BE	0.000000	0.000000	0.000000
METHANOL	0.000000	0.000067	0.000000
METHANOL_RE_BE	0.000000	0.000000	0.000000
METHANOL_RE_IMPORT	0.000000	167456.263871	0.000000
RES_GEO	0.000000	0.000000	0.000000
RES_HYDRO	0.000000	0.000000	0.000000
RES_SOLAR	0.000000	0.000000	0.000000
RES_WIND	0.000000	0.000000	0.000000
URANIUM	0.000000	0.000000	0.000000
WASTE	0.000000	0.000000	0.000000
WET_BIOMASS	0.000000	90117.440369	0.000000
WOOD	0.000000	95211.481786	0.000000
WOOD_PRODUCTION	0.000000	0.000000	0.000000
