Name	C_inv	C_maint	C_op
NUCLEAR	0.000000	0.000000	0.000000
CCGT	0.000013	0.000007	0.000000
CCGT_AMMONIA	0.000012	0.000006	0.000000
COAL_US	0.000000	0.000000	0.000000
COAL_IGCC	0.000000	0.000000	0.000000
PV	1824.834722	431.792279	0.000000
WIND_ONSHORE	407.572703	113.845000	0.000000
WIND_OFFSHORE	1162.532801	194.247596	0.000000
HYDRO_RIVER	19.393261	5.801152	0.000000
GEOTHERMAL	0.000000	0.000000	0.000000
IND_COGEN_GAS	0.000086	0.000115	0.000000
IND_COGEN_WOOD	0.000014	0.000010	0.000000
IND_COGEN_WASTE	0.000011	0.000008	0.000000
IND_BOILER_GAS	21.370849	6.383089	0.000000
IND_BOILER_WOOD	0.000016	0.000005	0.000000
IND_BOILER_OIL	0.000013	0.000004	0.000000
IND_BOILER_COAL	0.000000	0.000000	0.000000
IND_BOILER_WASTE	20.836619	6.212473	0.000000
IND_DIRECT_ELEC	529.632732	32.058858	0.000000
DHN_HP_ELEC	101.889300	71.585503	0.000000
DHN_COGEN_GAS	0.000017	0.000010	0.000000
DHN_COGEN_WOOD	0.000010	0.000007	0.000000
DHN_COGEN_WASTE	0.000010	0.000008	0.000000
DHN_COGEN_WET_BIOMASS	0.000003	0.000006	0.000000
DHN_COGEN_BIO_HYDROLYSIS	0.000012	0.000008	0.000000
DHN_BOILER_GAS	0.000009	0.000003	0.000000
DHN_BOILER_WOOD	0.000007	0.000002	0.000000
DHN_BOILER_OIL	0.000008	0.000002	0.000000
DHN_DEEP_GEO	0.000000	0.000000	0.000000
DHN_SOLAR	0.000001	0.000000	0.000000
DEC_HP_ELEC	393.389335	257.066663	0.000000
DEC_THHP_GAS	0.000017	0.000008	0.000000
DEC_COGEN_GAS	0.000017	0.000019	0.000000
DEC_COGEN_OIL	0.000048	0.000051	0.000000
DEC_ADVCOGEN_GAS	0.000029	0.000009	0.000000
DEC_ADVCOGEN_H2	1645.562375	526.514617	0.000000
DEC_BOILER_GAS	0.000022	0.000010	0.000000
DEC_BOILER_WOOD	0.000014	0.000007	0.000000
DEC_BOILER_OIL	0.000016	0.000015	0.000000
DEC_SOLAR	0.000017	0.000003	0.000000
DEC_DIRECT_ELEC	0.000042	0.000002	0.000000
TRAMWAY_TROLLEY	207.241630	99.541628	0.000000
BUS_COACH_DIESEL	0.000001	0.000001	0.000000
BUS_COACH_HYDIESEL	0.000002	0.000001	0.000000
BUS_COACH_CNG_STOICH	0.000001	0.000001	0.000000
BUS_COACH_FC_HYBRIDH2	0.000027	0.000014	0.000000
BUS_COACH_ELECTRIC	324.863628	191.430918	0.000000
TRAIN_PUB	831.863837	898.139725	0.000000
CAR_GASOLINE	0.000002	0.000001	0.000000
CAR_DIESEL	0.000002	0.000001	0.000000
CAR_NG	0.000003	0.000001	0.000000
CAR_METHANOL	0.000002	0.000001	0.000000
CAR_HEV	0.000002	0.000001	0.000000
CAR_PHEV	0.000981	0.000667	0.000000
CAR_BEV	7957.107349	1769.646043	0.000000
CAR_FUEL_CELL	0.000003	0.000000	0.000000
TRAIN_FREIGHT	26.982708	16.143514	0.000000
BOAT_FREIGHT_DIESEL	73.488391	106.290052	0.000000
BOAT_FREIGHT_NG	0.000001	0.000002	0.000000
BOAT_FREIGHT_METHANOL	0.000000	0.000000	0.000000
TRUCK_DIESEL	0.000000	0.000000	0.000000
TRUCK_METHANOL	0.000000	0.000000	0.000000
TRUCK_FUEL_CELL	1847.525227	621.044304	0.000000
TRUCK_ELEC	0.000001	0.000000	0.000000
TRUCK_NG	0.000000	0.000000	0.000000
HABER_BOSCH	0.000007	0.000002	0.000000
SYN_METHANOLATION	0.000009	0.000005	0.000000
METHANE_TO_METHANOL	28.146269	25.500287	0.000000
BIOMASS_TO_METHANOL	0.000007	0.000002	0.000000
OIL_TO_HVC	0.000004	0.000000	0.000000
GAS_TO_HVC	0.000000	0.000000	0.000000
METHANOL_TO_HVC	183.787272	283.982489	0.000000
ADLIBIO_TO_HVC	0.000007	0.000003	0.000000
PHS	8.400075	0.000000	0.000000
BATT_LI	0.000108	0.000002	0.000000
BEV_BATT	0.000000	0.000000	0.000000
PHEV_BATT	0.000000	0.000000	0.000000
TS_DEC_DIRECT_ELEC	0.000061	0.000007	0.000000
TS_DEC_HP_ELEC	40.397505	4.855357	0.000000
TS_DEC_THHP_GAS	0.000061	0.000007	0.000000
TS_DEC_COGEN_GAS	0.000061	0.000007	0.000000
TS_DEC_COGEN_OIL	0.000061	0.000007	0.000000
TS_DEC_ADVCOGEN_GAS	0.000061	0.000007	0.000000
TS_DEC_ADVCOGEN_H2	14.003627	1.683089	0.000000
TS_DEC_BOILER_GAS	0.000061	0.000007	0.000000
TS_DEC_BOILER_WOOD	0.000057	0.000007	0.000000
TS_DEC_BOILER_OIL	0.000061	0.000007	0.000000
TS_DHN_DAILY	5.227208	0.448279	0.000000
TS_DHN_SEASONAL	4.248979	0.479125	0.000000
TS_HIGH_TEMP	124.503269	27.609625	0.000000
GAS_STORAGE	0.000004	0.000003	0.000000
H2_STORAGE	0.000342	0.000370	0.000000
DIESEL_STORAGE	0.000227	0.000156	0.000000
GASOLINE_STORAGE	0.000226	0.000155	0.000000
LFO_STORAGE	0.000278	0.000191	0.000000
AMMONIA_STORAGE	0.000000	0.000000	0.000000
METHANOL_STORAGE	0.000000	0.000000	0.000000
CO2_STORAGE	6.928773	1.664003	0.000000
ADLIBIO_TO_FUEL	0.000007	0.000002	0.000000
AMMONIA_TO_H2	0.000006	0.000011	0.000000
ATM_CCS	170.893846	126.907205	0.000000
BIO_HYDROLYSIS	0.000016	0.000014	0.000000
BIOMETHANATION	0.000006	0.000002	0.000000
DHN	171.157012	0.000000	0.000000
EFFICIENCY	5600.000000	0.000000	0.000000
GASIFICATION_SNG	0.000012	0.000017	0.000000
GRID	2210.177555	0.000000	0.000000
H2_BIOMASS	0.000013	0.000018	0.000000
H2_ELECTROLYSIS	5.770698	2.117498	0.000000
INDUSTRY_CCS	0.000013	0.000009	0.000000
REDIFUEL	0.000012	0.000006	0.000000
SMR	0.000009	0.000017	0.000000
SYN_METHANATION	29.679048	226.853092	0.000000
AMMONIA	0.000000	0.000000	0.000008
AMMONIA_RE_BE	0.000000	0.000000	1823.780011
AMMONIA_RE_IMPORT	0.000000	0.000000	0.000013
BIODIESEL	0.000000	0.000000	0.000002
BIODIESEL_BE	0.000000	0.000000	297.481231
BIOETHANOL	0.000000	0.000000	0.000002
CO2_ATM	0.000000	0.000000	0.000000
CO2_CAPTURED	0.000000	0.000000	0.000000
CO2_EMISSIONS	0.000000	0.000000	0.000000
CO2_INDUSTRY	0.000000	0.000000	0.000000
COAL	0.000000	0.000000	0.000000
DIESEL	0.000000	0.000000	0.000049
ELEC_EXPORT	0.000000	0.000000	0.000000
ELECTRICITY	0.000000	0.000000	2892.582844
GAS	0.000000	0.000000	326.266201
GAS_RE_BE	0.000000	0.000000	0.000042
GAS_RE_IMPORT	0.000000	0.000000	0.000000
GASOLINE	0.000000	0.000000	0.000032
H2	0.000000	0.000000	0.000000
H2_RE_BE	0.000000	0.000000	18887.404497
H2_RE_IMPORT	0.000000	0.000000	0.000000
LFO	0.000000	0.000000	0.000049
LFO_RE_BE	0.000000	0.000000	0.000065
METHANOL	0.000000	0.000000	2166.375737
METHANOL_RE_BE	0.000000	0.000000	0.000059
METHANOL_RE_IMPORT	0.000000	0.000000	0.000017
RES_GEO	0.000000	0.000000	0.000000
RES_HYDRO	0.000000	0.000000	0.000000
RES_SOLAR	0.000000	0.000000	0.000000
RES_WIND	0.000000	0.000000	0.000000
URANIUM	0.000000	0.000000	0.000000
WASTE	0.000000	0.000000	444.535051
WET_BIOMASS	0.000000	0.000000	0.000013
WOOD	0.000000	0.000000	0.000057
WOOD_PRODUCTION	0.000000	0.000000	0.000007
