TECHNOLOGIES	 c_inv	 c_maint	 lifetime	  f_min	 f	 f_max	 fmin_perc	f_perc	 fmax_perc	 c_p	 c_p_max	 tau	 gwp_constr
 UNITS	[M€/GW]	 [M€/GW/y]	 [y]	 [GW or GWh]	 [GW or GWh]	 [GW or GWh]	 [0-1]	 [0-1]	 [0-1]	 [0-1]	 [0-1]	 [-]	 [ktCO2-eq./GW or GWh]
NUCLEAR	27272.553026	579.312255	60.000000	0.000000	5.628162	Infinity	0.000000	0.616145	1.000000	0.849000	0.849000	0.025393	3984.063255
CCGT	0.001261	0.000032	25.000000	0.000000	0.000002	Infinity	0.000000	0.000000	1.000000	0.005352	0.961540	0.048263	0.000281
CCGT_AMMONIA	0.000478	0.000012	25.000000	0.000000	0.000001	Infinity	0.000000	0.000000	1.000000	0.000368	0.630000	0.048263	0.000106
COAL_US	1090.937440	12.737238	35.000000	0.000000	0.419790	Infinity	0.000000	0.041338	1.000000	0.763673	0.868000	0.036934	139.202336
COAL_IGCC	0.007960	0.000119	35.000000	0.000000	0.000002	Infinity	0.000000	0.000000	1.000000	0.017089	0.856000	0.036934	0.000788
PV	6714.675005	76.682259	25.000000	5.500000	5.500000	5.920000	0.000000	0.084188	1.000000	0.118708	1.000000	0.048263	11447.865009
WIND_ONSHORE	9359.680358	108.860357	30.000000	0.000000	8.196154	10.000000	0.000000	0.251455	1.000000	0.237926	1.000000	0.041639	5104.974702
WIND_OFFSHORE	0.001743	0.000012	30.000000	0.000000	0.000000	6.000000	0.000000	0.000000	1.000000	0.005334	1.000000	0.041639	0.000203
HYDRO_RIVER	575.120898	5.750707	40.000000	0.114000	0.114000	0.116000	0.000000	0.006874	1.000000	0.467604	1.000000	0.033427	143.961485
GEOTHERMAL	0.001407	0.000026	30.000000	0.000000	0.000000	Infinity	0.000000	0.000000	1.000000	0.004659	0.950000	0.041639	0.004003
IND_COGEN_GAS	1340.065734	86.137871	25.000000	0.000000	0.876949	Infinity	0.086000	0.086000	1.000000	0.672858	0.850000	0.048263	898.276377
IND_COGEN_WOOD	0.000002	0.000000	25.000000	0.000000	0.000000	Infinity	0.000000	0.000000	0.000000	0.000000	0.850000	0.048263	0.000000
IND_COGEN_WASTE	1438.773982	53.040708	25.000000	0.000000	0.452031	Infinity	0.056000	0.056000	1.000000	0.850000	0.850000	0.048263	292.834721
IND_BOILER_GAS	422.905781	8.472854	17.000000	0.000000	5.984233	Infinity	0.358000	0.358000	1.000000	0.410463	0.950000	0.067080	73.725757
IND_BOILER_WOOD	0.000002	0.000000	17.000000	0.000000	0.000000	Infinity	0.000000	0.000000	0.000000	0.000000	0.900000	0.067080	0.000000
IND_BOILER_OIL	234.008198	5.033017	17.000000	0.000000	3.554735	Infinity	0.200000	0.200000	1.000000	0.386031	0.950000	0.067080	43.794334
IND_BOILER_COAL	394.536529	7.890456	17.000000	0.000000	2.854410	Infinity	0.300000	0.300000	1.000000	0.721114	0.900000	0.067080	137.525466
IND_BOILER_WASTE	0.000002	0.000000	17.000000	0.000000	0.000000	Infinity	0.000000	0.000000	0.000000	0.000000	0.900000	0.067080	0.000000
IND_DIRECT_ELEC	0.000003	0.000000	15.000000	0.000000	0.000000	Infinity	0.000000	0.000000	0.000000	0.000000	0.950000	0.074944	0.000000
DHN_HP_ELEC	33.590929	1.139026	25.000000	0.000000	0.084883	Infinity	0.044000	0.053000	1.000000	0.444978	0.950000	0.048263	14.836779
DHN_COGEN_GAS	828.599806	24.226528	25.000000	0.000000	0.608611	Infinity	0.594000	0.594000	1.000000	0.695556	0.850000	0.048263	298.755066
DHN_COGEN_WOOD	106.453828	3.897544	25.000000	0.000000	0.090757	Infinity	0.066000	0.066000	1.000000	0.518260	0.850000	0.048263	15.004912
DHN_COGEN_WASTE	376.278997	13.871605	25.000000	0.000000	0.118219	Infinity	0.141000	0.141000	1.000000	0.850000	0.850000	0.048263	76.584339
DHN_COGEN_WET_BIOMASS	0.000001	0.000000	25.000000	0.000000	0.000000	Infinity	0.000000	0.000000	0.000000	0.000000	0.750000	0.048263	0.000001
DHN_COGEN_BIO_HYDROLYSIS	0.000002	0.000000	15.000000	0.000000	0.000000	Infinity	0.000000	0.000000	0.000000	0.000000	0.850000	0.074944	0.000000
DHN_BOILER_GAS	18.579346	0.372234	17.000000	0.000000	0.262903	Infinity	0.139000	0.139000	1.000000	0.376795	0.950000	0.067080	3.238963
DHN_BOILER_WOOD	0.000001	0.000000	17.000000	0.000000	0.000000	Infinity	0.000000	0.000000	0.000000	0.000000	0.900000	0.067080	0.000000
DHN_BOILER_OIL	0.901261	0.019384	17.000000	0.000000	0.013691	Infinity	0.007000	0.007000	1.000000	0.364385	0.950000	0.067080	0.168670
DHN_DEEP_GEO	0.000000	0.000000	30.000000	0.000000	0.000000	0.000000	0.000000	0.000000	0.000000	0.000000	0.850000	0.041639	0.000000
DHN_SOLAR	0.000187	0.000000	30.000000	0.000000	0.000000	Infinity	0.000000	0.000000	1.000000	0.000383	1.000000	0.041639	0.000108
DEC_HP_ELEC	220.815057	9.206764	18.000000	0.000000	0.390975	Infinity	0.011000	0.011000	1.000000	0.393446	1.000000	0.063806	64.467925
DEC_THHP_GAS	0.000002	0.000000	20.000000	0.000000	0.000000	Infinity	0.000000	0.000000	0.000000	0.000000	1.000000	0.058246	0.000002
DEC_COGEN_GAS	374.006065	24.040676	20.000000	0.000000	0.244752	Infinity	0.007000	0.007000	1.000000	0.399956	1.000000	0.058246	250.704726
DEC_COGEN_OIL	0.000002	0.000000	20.000000	0.000000	0.000000	Infinity	0.000000	0.000000	0.000000	0.000000	1.000000	0.058246	0.000001
DEC_ADVCOGEN_GAS	0.000000	0.000000	20.000000	0.000000	0.000000	Infinity	0.000000	0.000000	0.000000	0.000000	1.000000	0.058246	0.000000
DEC_ADVCOGEN_H2	0.000003	0.000000	20.000000	0.000000	0.000000	Infinity	0.000000	0.000000	0.000000	0.000000	1.000000	0.058246	0.000001
DEC_BOILER_GAS	2733.055011	82.008885	17.000000	0.000000	14.366353	Infinity	0.396000	0.396000	1.000000	0.385470	1.000000	0.067080	302.986387
DEC_BOILER_WOOD	1980.352914	69.294503	17.000000	0.000000	3.568654	Infinity	0.100000	0.100000	1.000000	0.391866	1.000000	0.067080	75.262903
DEC_BOILER_OIL	2985.156824	179.049143	17.000000	0.000000	17.471361	Infinity	0.484000	0.484000	1.000000	0.387400	1.000000	0.067080	368.471014
DEC_SOLAR	322.010746	3.572774	20.000000	0.000000	0.425063	Infinity	0.002000	0.002000	1.000000	0.065799	1.000000	0.058246	94.032443
DEC_DIRECT_ELEC	0.000003	0.000000	15.000000	0.000000	0.000000	Infinity	0.000000	0.000000	0.000000	0.000000	1.000000	0.074944	0.000000
TRAMWAY_TROLLEY	342.812281	6.856246	30.000000	0.000000	0.548500	Infinity	0.050000	0.050000	1.000000	0.342470	0.342470	0.041639	0.000000
BUS_COACH_DIESEL	3702.723587	193.386395	15.000000	0.000000	6.329009	Infinity	0.500000	0.500000	1.000000	0.296800	0.296800	0.074944	0.000000
BUS_COACH_HYDIESEL	0.000002	0.000000	15.000000	0.000000	0.000000	Infinity	0.000000	0.000000	0.000000	0.000000	0.296800	0.074944	0.000000
BUS_COACH_CNG_STOICH	18.513741	0.966938	15.000000	0.000000	0.253162	Infinity	0.000000	0.020000	0.100000	0.296799	0.296800	0.074944	0.000000
BUS_COACH_FC_HYBRIDH2	0.000002	0.000000	15.000000	0.000000	0.000000	Infinity	0.000000	0.000000	0.000000	0.000000	0.296800	0.074944	0.000000
BUS_COACH_ELECTRIC	0.000014	0.000001	15.000000	0.000000	0.000000	Infinity	0.000000	0.000000	1.000000	0.001033	0.296800	0.074944	0.000000
TRAIN_PUB	8844.749044	319.209856	40.000000	0.000000	5.872929	Infinity	0.430000	0.430000	1.000000	0.275070	0.275070	0.033427	0.000000
CAR_GASOLINE	29233.341962	1765.165188	10.000000	0.000000	73.548549	Infinity	0.431000	0.431000	1.000000	0.051370	0.051370	0.108434	0.000000
CAR_DIESEL	38001.486779	2219.767038	10.000000	0.000000	92.490293	Infinity	0.542000	0.542000	1.000000	0.051370	0.051370	0.108434	0.000000
CAR_NG	140.287383	8.190768	10.000000	0.000000	0.341282	Infinity	0.001000	0.002000	1.000000	0.051370	0.051370	0.108434	0.000000
CAR_METHANOL	0.000001	0.000000	10.000000	0.000000	0.000000	Infinity	0.000000	0.000000	0.000000	0.000000	0.051370	0.108434	0.000000
CAR_HEV	1157.282128	92.831577	10.000000	0.000000	2.730341	Infinity	0.016000	0.016000	1.000000	0.051370	0.051370	0.108434	0.000000
CAR_PHEV	0.017517	0.001258	10.000000	0.000000	0.000037	Infinity	0.000000	0.000000	0.000000	0.000000	0.051370	0.108434	0.000000
CAR_BEV	942.473554	15.358237	10.000000	0.000000	1.535824	Infinity	0.009000	0.009000	1.000000	0.051370	0.051370	0.108434	0.000000
CAR_FUEL_CELL	0.000002	0.000000	10.000000	0.000000	0.000000	Infinity	0.000000	0.000000	0.000000	0.000000	0.051370	0.108434	0.000000
TRAIN_FREIGHT	602.026457	12.040020	40.000000	0.000000	5.765432	Infinity	0.000000	1.000000	1.000000	0.342470	0.342470	0.033427	0.000000
BOAT_FREIGHT_DIESEL	10015.397020	138.737413	40.000000	0.000000	8.924629	Infinity	0.430000	0.430000	1.000000	0.114160	0.114160	0.033427	0.000000
BOAT_FREIGHT_NG	0.000002	0.000000	40.000000	0.000000	0.000000	Infinity	0.000000	0.000000	0.000000	0.000000	0.114160	0.033427	0.000000
BOAT_FREIGHT_METHANOL	854.622465	45.185258	40.000000	0.000000	11.830322	Infinity	0.000000	0.570000	1.000000	0.114160	0.114160	0.033427	0.000000
TRUCK_DIESEL	12434.678231	657.413348	15.000000	0.000000	35.429462	Infinity	0.923000	0.923000	1.000000	0.092590	0.092590	0.074944	0.000000
TRUCK_METHANOL	0.000002	0.000000	15.000000	0.000000	0.000000	Infinity	0.000000	0.000000	0.000000	0.000000	0.092590	0.074944	0.000000
TRUCK_FUEL_CELL	0.000002	0.000000	15.000000	0.000000	0.000000	Infinity	0.000000	0.000000	0.000000	0.000000	0.092590	0.074944	0.000000
TRUCK_ELEC	0.000002	0.000000	15.000000	0.000000	0.000000	Infinity	0.000000	0.000000	0.000000	0.000000	0.092590	0.074944	0.000000
TRUCK_NG	1050.084668	54.843798	15.000000	0.000000	2.955654	Infinity	0.060000	0.077000	1.000000	0.092590	0.092590	0.074944	0.000000
HABER_BOSCH	1318.185530	25.772407	20.000000	0.000000	1.367455	Infinity	0.000000	1.000000	1.000000	0.824659	1.000000	0.058246	0.000000
SYN_METHANOLATION	0.001490	0.000042	20.000000	0.000000	0.000001	Infinity	0.000000	0.189632	1.000000	0.000741	0.950000	0.058246	0.000000
METHANE_TO_METHANOL	0.000544	0.000024	25.000000	0.000000	0.000000	Infinity	0.000000	0.251738	1.000000	0.000984	0.850000	0.048263	0.000000
BIOMASS_TO_METHANOL	0.001506	0.000045	20.000000	0.000000	0.000000	Infinity	0.000000	0.558631	1.000000	0.002183	1.000000	0.058246	0.000000
OIL_TO_HVC	2056.846107	10.935149	20.000000	0.000000	4.575344	Infinity	0.000000	1.000000	1.000000	1.000000	1.000000	0.058246	0.000000
GAS_TO_HVC	0.001468	0.000037	20.000000	0.000000	0.000002	Infinity	0.000000	0.000000	1.000000	0.005853	1.000000	0.058246	0.000000
METHANOL_TO_HVC	0.000001	0.000000	20.000000	0.000000	0.000000	Infinity	0.000000	0.000000	0.000000	0.000000	1.000000	0.058246	0.000000
ADLIBIO_TO_HVC	0.000000	0.000000	20.000000	0.000000	0.000000	0.000000	0.000000	0.000000	0.000000	0.000000	1.000000	0.058246	0.000000
PHS	382.199993	0.000000	50.000000	5.000000	6.500000	6.500000	0.000000	-1.000000	1.000000	0.024904	1.000000	0.028572	
BATT_LI	0.003670	0.000006	15.000000	0.000000	0.000007	Infinity	0.000000	-1.000000	1.000000	0.002070	1.000000	0.074944	
BEV_BATT	0.000000	0.000000	1.000000	0.000000	1.523635	Infinity	0.000000	-1.000000	1.000000	0.008052	1.000000	1.015000	
PHEV_BATT	0.000000	0.000000	1.000000	0.000000	0.000007	Infinity	0.000000	-1.000000	1.000000	0.000363	1.000000	1.015000	
TS_DEC_DIRECT_ELEC	0.003053	0.000021	20.000000	0.000000	0.000161	Infinity	0.000000	-1.000000	1.000000	0.000041	1.000000	0.058246	
TS_DEC_HP_ELEC	14.688419	0.102829	20.000000	0.000000	0.774297	Infinity	0.000000	-1.000000	1.000000	0.045729	1.000000	0.058246	
TS_DEC_THHP_GAS	0.003053	0.000021	20.000000	0.000000	0.000161	Infinity	0.000000	-1.000000	1.000000	0.000041	1.000000	0.058246	
TS_DEC_COGEN_GAS	19.462424	0.136250	20.000000	0.000000	1.025958	Infinity	0.000000	-1.000000	1.000000	0.035223	1.000000	0.058246	
TS_DEC_COGEN_OIL	0.003053	0.000021	20.000000	0.000000	0.000161	Infinity	0.000000	-1.000000	1.000000	0.000041	1.000000	0.058246	
TS_DEC_ADVCOGEN_GAS	0.003053	0.000021	20.000000	0.000000	0.000161	Infinity	0.000000	-1.000000	1.000000	0.000041	1.000000	0.058246	
TS_DEC_ADVCOGEN_H2	0.003053	0.000021	20.000000	0.000000	0.000161	Infinity	0.000000	-1.000000	1.000000	0.000041	1.000000	0.058246	
TS_DEC_BOILER_GAS	292.426137	2.047179	20.000000	0.000000	15.415189	Infinity	0.000000	-1.000000	1.000000	0.041394	1.000000	0.058246	
TS_DEC_BOILER_WOOD	85.374879	0.597681	20.000000	0.000000	4.500521	Infinity	0.000000	-1.000000	1.000000	0.040345	1.000000	0.058246	
TS_DEC_BOILER_OIL	391.083084	2.737843	20.000000	0.000000	20.615872	Infinity	0.000000	-1.000000	1.000000	0.041387	1.000000	0.058246	
TS_DHN_DAILY	0.005653	0.000016	40.000000	0.000000	0.001884	Infinity	0.000000	-1.000000	1.000000	0.000207	1.000000	0.033427	
TS_DHN_SEASONAL	405.305532	2.213533	25.000000	0.000000	686.958529	Infinity	0.000000	-1.000000	1.000000	0.000308	1.000000	0.048263	
TS_HIGH_TEMP	0.008259	0.000088	25.000000	0.000000	0.000295	Infinity	0.000000	-1.000000	1.000000	0.064279	1.000000	0.048263	
GAS_STORAGE	0.000000	0.000000	50.000000	0.000000	0.000000	0.000000	0.000000	-1.000000	1.000000	0.000000	1.000000	0.028572	
H2_STORAGE	0.020217	0.001274	20.000000	0.000000	0.003266	Infinity	0.000000	-1.000000	1.000000	0.000064	1.000000	0.058246	
DIESEL_STORAGE	0.018553	0.000737	20.000000	0.000000	1.855305	Infinity	0.000000	-1.000000	1.000000	0.000027	1.000000	0.058246	
GASOLINE_STORAGE	0.018589	0.000738	20.000000	0.000000	1.858906	Infinity	0.000000	-1.000000	1.000000	0.000081	1.000000	0.058246	
LFO_STORAGE	0.019205	0.000762	20.000000	0.000000	1.920548	Infinity	0.000000	-1.000000	1.000000	0.000052	1.000000	0.058246	
AMMONIA_STORAGE	11.692439	0.464190	20.000000	0.000000	1169.243878	Infinity	0.000000	-1.000000	1.000000	0.000169	1.000000	0.058246	
METHANOL_STORAGE	0.053221	0.002113	20.000000	0.000000	5.322111	Infinity	0.000000	-1.000000	1.000000	0.000014	1.000000	0.058246	
CO2_STORAGE	0.059262	0.000593	30.000000	0.000000	0.001197	Infinity	0.000000	-1.000000	1.000000	0.000017	1.000000	0.041639	
ADLIBIO_TO_FUEL	0.000000	0.000000	20.000000	0.000000	0.000000	0.000000	0.000000	-1.000000	0.000000	0.000000	1.000000	0.058246	
AMMONIA_TO_H2	0.000360	0.000033	25.000000	0.000000	0.000000	Infinity	0.000000	-1.000000	1.000000	0.000765	0.860000	0.048263	
ATM_CCS	0.001856	0.000046	40.000000	0.000000	0.000000	Infinity	0.000000	-1.000000	1.000000	0.000682	1.000000	0.033427	
BIO_HYDROLYSIS	0.003349	0.000228	15.000000	0.000000	0.000002	Infinity	0.000000	-1.000000	1.000000	0.015713	0.850000	0.074944	
BIOMETHANATION	0.002179	0.000033	20.000000	0.000000	0.000000	Infinity	0.000000	-1.000000	1.000000	0.003284	0.850000	0.058246	
DHN	1125.147079	0.000000	60.000000	0.000000	1.362361	Infinity	0.000000	-1.000000	1.000000	0.000000	1.000000	0.025393	
EFFICIENCY	5517.241379	0.000000	1.000000	0.000000	0.985222	Infinity	0.000000	-1.000000	1.000000	0.000000	1.000000	1.015000	
GASIFICATION_SNG	0.000440	0.000031	25.000000	0.000000	0.000000	Infinity	0.000000	-1.000000	1.000000	0.001115	0.850000	0.048263	
GRID	77933.605671	0.000000	80.000000	0.000000	1.040237	Infinity	0.000000	-1.000000	1.000000	0.000000	1.000000	0.021548	
H2_BIOMASS	0.000035	0.000002	25.000000	0.000000	0.000000	Infinity	0.000000	-1.000000	1.000000	0.000876	0.860000	0.048263	
H2_ELECTROLYSIS	0.000351	0.000010	15.000000	0.000000	0.000000	Infinity	0.000000	-1.000000	1.000000	0.003465	0.900000	0.074944	
INDUSTRY_CCS	0.000907	0.000023	40.000000	0.000000	0.000000	Infinity	0.000000	-1.000000	1.000000	0.000455	1.000000	0.033427	
REDIFUEL	0.000861	0.000023	20.000000	0.000000	0.000000	Infinity	0.000000	-1.000000	1.000000	0.000465	1.000000	0.058246	
SMR	1198.049201	110.556537	25.000000	0.000000	1.545212	Infinity	0.000000	-1.000000	1.000000	0.824658	0.860000	0.048263	
SYN_METHANATION	0.000135	0.000035	40.000000	0.000000	0.000000	Infinity	0.000000	-1.000000	1.000000	0.004400	1.000000	0.033427	