TECHNOLOGIES	 c_inv	 c_maint	 lifetime	  f_min	 f	 f_max	 fmin_perc	f_perc	 fmax_perc	 c_p	 c_p_max	 tau	 gwp_constr
 UNITS	[M€/GW]	 [M€/GW/y]	 [y]	 [GW or GWh]	 [GW or GWh]	 [GW or GWh]	 [0-1]	 [0-1]	 [0-1]	 [0-1]	 [0-1]	 [-]	 [ktCO2-eq./GW or GWh]
PT_POWER_BLOCK	0.000000	0.000000	25.000000	0.000000	0.000000	0.000000	0.000000	0.000000	1.000000	0.000000	1.000000	0.048263	0.000000
ST_POWER_BLOCK	0.000000	0.000000	25.000000	0.000000	0.000000	0.000000	0.000000	0.000000	1.000000	0.000000	1.000000	0.048263	0.000000
HYDRO_DAM	35789.958036	178.935336	40.000000	8.080000	8.520000	8.520000	0.000000	0.583641	1.000000	1.000000	1.000000	0.033427	14423.337600
TIDAL	0.000000	0.000000	40.000000	0.000000	0.000000	0.000000	0.000000	0.000000	1.000000	0.000000	1.000000	0.033427	0.000000
WAVE	0.000000	0.000000	20.000000	0.000000	0.000000	0.000000	0.000000	0.000000	0.000000	0.000000	1.000000	0.058246	0.000000
NUCLEAR	10345.633550	219.757655	60.000000	2.134000	2.135000	2.135000	0.000000	0.124315	1.000000	0.850000	0.850000	0.025393	1511.323800
CCGT	0.000009	0.000000	25.000000	0.000000	0.000000	Infinity	0.000000	0.000000	1.000000	0.000002	0.955769	0.048263	0.000002
CCGT_AMMONIA	0.000009	0.000000	25.000000	0.000000	0.000000	Infinity	0.000000	0.000000	1.000000	0.000003	0.590000	0.048263	0.000002
COAL_US	0.000000	0.000000	35.000000	0.000000	0.000000	0.000000	0.000000	0.000000	1.000000	0.000000	0.862792	0.036934	0.000000
COAL_IGCC	0.000000	0.000000	35.000000	0.000000	0.000000	0.000000	0.000000	0.000000	1.000000	0.000000	0.850864	0.036934	0.000000
PV	6651.501236	75.960366	25.000000	0.000000	7.023612	25.000000	0.000000	0.054368	1.000000	0.113000	1.000000	0.048263	14619.157164
WIND_ONSHORE	5620.067000	65.365835	30.000000	0.000000	5.300000	5.300000	0.000000	0.083504	1.000000	0.230000	1.000000	0.041639	3301.105000
WIND_OFFSHORE	0.000000	0.000000	30.000000	0.000000	0.000000	0.000000	0.000000	0.000000	1.000000	0.000000	1.000000	0.041639	0.000000
HYDRO_RIVER	23458.878000	234.568312	40.000000	3.800000	4.650000	4.650000	0.000000	0.154172	1.000000	0.484000	1.000000	0.033427	5872.113000
GEOTHERMAL	0.000081	0.000002	30.000000	0.000000	0.000000	0.700000	0.000000	0.000000	1.000000	0.000090	0.850000	0.041639	0.000265
IND_COGEN_GAS	0.000006	0.000000	25.000000	0.000000	0.000000	Infinity	0.000000	0.000000	1.000000	0.000003	0.844900	0.048263	0.000005
IND_COGEN_WOOD	0.000008	0.000000	25.000000	0.000000	0.000000	Infinity	0.000000	0.000000	1.000000	0.000001	0.844900	0.048263	0.000001
IND_COGEN_WASTE	0.000007	0.000000	25.000000	0.000000	0.000000	Infinity	0.000000	0.000000	1.000000	0.000000	0.844900	0.048263	0.000002
IND_BOILER_GAS	0.000007	0.000000	17.000000	0.000000	0.000000	Infinity	0.000000	0.000000	1.000000	0.000007	0.944300	0.067080	0.000001
IND_BOILER_WOOD	0.000005	0.000000	17.000000	0.000000	0.000000	Infinity	0.000000	0.000000	1.000000	0.000002	0.894600	0.067080	0.000001
IND_BOILER_OIL	0.000007	0.000000	17.000000	0.000000	0.000000	Infinity	0.000000	0.000000	1.000000	0.000003	0.944300	0.067080	0.000001
IND_BOILER_COAL	0.000000	0.000000	17.000000	0.000000	0.000000	Infinity	0.000000	0.000000	1.000000	0.000000	0.894600	0.067080	0.000000
IND_BOILER_WASTE	0.000005	0.000000	17.000000	0.000000	0.000000	Infinity	0.000000	0.000000	1.000000	0.000002	0.894600	0.067080	0.000001
IND_DIRECT_ELEC	879.497773	3.989766	15.000000	0.000000	2.646380	Infinity	0.000000	1.000000	1.000000	0.944300	0.944300	0.074944	3.890178
DHN_HP_ELEC	1604.440186	54.405853	25.000000	0.000000	4.535520	Infinity	0.000000	1.000000	1.000000	0.486191	0.944300	0.048263	792.763534
DHN_COGEN_GAS	0.000009	0.000000	25.000000	0.000000	0.000000	Infinity	0.000000	0.000000	1.000000	0.000003	0.844900	0.048263	0.000003
DHN_COGEN_WOOD	0.000007	0.000000	25.000000	0.000000	0.000000	Infinity	0.000000	0.000000	1.000000	0.000001	0.844900	0.048263	0.000001
DHN_COGEN_WASTE	0.000007	0.000000	25.000000	0.000000	0.000000	Infinity	0.000000	0.000000	1.000000	0.000000	0.844900	0.048263	0.000002
DHN_COGEN_WET_BIOMASS	0.000003	0.000000	25.000000	0.000000	0.000000	Infinity	0.000000	0.000000	1.000000	0.000001	0.745500	0.048263	0.000002
DHN_COGEN_BIO_HYDROLYSIS	0.000006	0.000000	15.000000	0.000000	0.000000	Infinity	0.000000	0.000000	1.000000	0.000000	0.844900	0.074944	0.000001
DHN_BOILER_GAS	0.000008	0.000000	17.000000	0.000000	0.000000	Infinity	0.000000	0.000000	1.000000	0.000016	0.944300	0.067080	0.000002
DHN_BOILER_WOOD	0.000003	0.000000	17.000000	0.000000	0.000000	Infinity	0.000000	0.000000	1.000000	0.000002	0.894600	0.067080	0.000001
DHN_BOILER_OIL	0.000003	0.000000	17.000000	0.000000	0.000000	Infinity	0.000000	0.000000	1.000000	0.000003	0.944300	0.067080	0.000001
DHN_DEEP_GEO	0.000000	0.000000	30.000000	0.000000	0.000000	0.000000	0.000000	0.000000	1.000000	0.000000	0.844900	0.041639	0.000000
DHN_SOLAR	0.000002	0.000000	30.000000	0.000000	0.000000	30.000000	0.000000	0.000000	1.000000	0.000005	1.000000	0.041639	0.000001
DEC_HP_ELEC	6026.436030	251.268533	18.000000	0.000000	11.936373	Infinity	0.000000	1.000000	1.000000	0.416254	1.000000	0.063806	1968.188554
DEC_THHP_GAS	0.000005	0.000000	20.000000	0.000000	0.000000	Infinity	0.000000	0.000000	1.000000	0.000012	1.000000	0.058246	0.000006
DEC_COGEN_GAS	0.000005	0.000000	20.000000	0.000000	0.000000	Infinity	0.000000	0.000000	1.000000	0.000003	1.000000	0.058246	0.000004
DEC_COGEN_OIL	0.000005	0.000000	20.000000	0.000000	0.000000	Infinity	0.000000	0.000000	1.000000	0.000002	1.000000	0.058246	0.000004
DEC_ADVCOGEN_GAS	0.000010	0.000000	20.000000	0.000000	0.000000	Infinity	0.000000	0.000000	1.000000	0.000001	1.000000	0.058246	0.000003
DEC_ADVCOGEN_H2	0.000011	0.000000	20.000000	0.000000	0.000000	Infinity	0.000000	0.000000	1.000000	0.000002	1.000000	0.058246	0.000003
DEC_BOILER_GAS	0.000006	0.000000	17.000000	0.000000	0.000000	Infinity	0.000000	0.000000	1.000000	0.000006	1.000000	0.067080	0.000001
DEC_BOILER_WOOD	0.000005	0.000000	17.000000	0.000000	0.000000	Infinity	0.000000	0.000000	1.000000	0.000002	1.000000	0.067080	0.000000
DEC_BOILER_OIL	0.000005	0.000000	17.000000	0.000000	0.000000	Infinity	0.000000	0.000000	1.000000	0.000003	1.000000	0.067080	0.000001
DEC_SOLAR	0.000036	0.000000	20.000000	0.000000	0.000000	30.000000	0.000000	0.000000	1.000000	0.000035	1.000000	0.058246	0.000011
DEC_DIRECT_ELEC	0.000008	0.000000	15.000000	0.000000	0.000000	Infinity	0.000000	0.000000	1.000000	0.000028	1.000000	0.074944	0.000000
DEC_THHP_GAS_COLD	574.171056	16.785362	20.000000	0.000000	1.692073	Infinity	0.000000	1.000000	1.000000	1.000000	1.000000	0.058246	646.253357
DEC_ELEC_COLD	0.000008	0.000000	18.000000	0.000000	0.000000	Infinity	0.000000	0.000000	1.000000	0.000012	1.000000	0.063806	0.000002
TRAMWAY_TROLLEY	0.000000	0.000000	30.000000	0.000000	0.000000	Infinity	0.000000	0.000000	0.000000	0.000000	0.342466	0.041639	0.000000
BUS_COACH_DIESEL	0.000000	0.000000	15.000000	0.000000	0.000000	Infinity	0.000000	0.000000	1.000000	0.000000	0.296804	0.074944	0.000000
BUS_COACH_HYDIESEL	0.000000	0.000000	15.000000	0.000000	0.000000	Infinity	0.000000	0.000000	0.000000	0.000000	0.296804	0.074944	0.000000
BUS_COACH_CNG_STOICH	0.000000	0.000000	15.000000	0.000000	0.000000	Infinity	0.000000	0.000000	0.000000	0.000000	0.296804	0.074944	0.000000
BUS_COACH_FC_HYBRIDH2	0.000000	0.000000	15.000000	0.000000	0.000000	Infinity	0.000000	0.000000	0.000000	0.000000	0.296804	0.074944	0.000000
BUS_COACH_ELECTRIC	0.000000	0.000000	15.000000	0.000000	0.000000	Infinity	0.000000	0.000000	1.000000	0.000000	0.296800	0.074944	0.000000
TRAIN_PUB	60240.800000	2174.109974	40.000000	40.000000	40.000000	Infinity	0.000000	0.000000	0.500000	0.000000	0.275073	0.033427	0.000000
IND_ELEC_COLD	0.000001	0.000000	20.000000	0.000000	0.000000	Infinity	0.000000	0.000000	1.000000	0.000000	0.950000	0.058246	0.000000
TRAMWAY_TROLLEY	0.000000	0.000000	30.000000	0.000000	0.000000	Infinity	0.000000	0.000000	0.000000	0.000000	0.342466	0.041639	0.000000
BUS_COACH_DIESEL	0.000000	0.000000	15.000000	0.000000	0.000000	Infinity	0.000000	0.000000	1.000000	0.000000	0.296804	0.074944	0.000000
BUS_COACH_HYDIESEL	0.000000	0.000000	15.000000	0.000000	0.000000	Infinity	0.000000	0.000000	0.000000	0.000000	0.296804	0.074944	0.000000
BUS_COACH_CNG_STOICH	0.000000	0.000000	15.000000	0.000000	0.000000	Infinity	0.000000	0.000000	0.000000	0.000000	0.296804	0.074944	0.000000
BUS_COACH_FC_HYBRIDH2	0.000000	0.000000	15.000000	0.000000	0.000000	Infinity	0.000000	0.000000	0.000000	0.000000	0.296804	0.074944	0.000000
BUS_COACH_ELECTRIC	0.000000	0.000000	15.000000	0.000000	0.000000	Infinity	0.000000	0.000000	1.000000	0.000000	0.296800	0.074944	0.000000
TRAIN_PUB	60240.800000	2174.109974	40.000000	40.000000	40.000000	Infinity	0.000000	0.000000	0.500000	0.000000	0.275073	0.033427	0.000000
TRAMWAY_TROLLEY	0.000000	0.000000	30.000000	0.000000	0.000000	Infinity	0.000000	0.000000	0.000000	0.000000	0.342466	0.041639	0.000000
BUS_COACH_DIESEL	0.000000	0.000000	15.000000	0.000000	0.000000	Infinity	0.000000	0.000000	1.000000	0.000000	0.296804	0.074944	0.000000
BUS_COACH_HYDIESEL	0.000000	0.000000	15.000000	0.000000	0.000000	Infinity	0.000000	0.000000	0.000000	0.000000	0.296804	0.074944	0.000000
BUS_COACH_CNG_STOICH	0.000000	0.000000	15.000000	0.000000	0.000000	Infinity	0.000000	0.000000	0.000000	0.000000	0.296804	0.074944	0.000000
BUS_COACH_FC_HYBRIDH2	0.000000	0.000000	15.000000	0.000000	0.000000	Infinity	0.000000	0.000000	0.000000	0.000000	0.296804	0.074944	0.000000
BUS_COACH_ELECTRIC	0.000000	0.000000	15.000000	0.000000	0.000000	Infinity	0.000000	0.000000	1.000000	0.000000	0.296800	0.074944	0.000000
TRAIN_PUB	60240.800000	2174.109974	40.000000	40.000000	40.000000	Infinity	0.000000	0.000000	0.500000	0.000000	0.275073	0.033427	0.000000
CAR_GASOLINE	0.000000	0.000000	10.000000	0.000000	0.000000	Infinity	0.000000	0.000000	1.000000	0.000001	0.051370	0.108434	0.000000
CAR_DIESEL	0.000001	0.000000	10.000000	0.000000	0.000000	Infinity	0.000000	0.000000	1.000000	0.000001	0.051370	0.108434	0.000000
CAR_NG	0.000001	0.000000	10.000000	0.000000	0.000000	Infinity	0.000000	0.000000	1.000000	0.000001	0.051370	0.108434	0.000000
CAR_METHANOL	0.000000	0.000000	10.000000	0.000000	0.000000	Infinity	0.000000	0.000000	1.000000	0.000001	0.051370	0.108434	0.000000
CAR_HEV	0.000001	0.000000	10.000000	0.000000	0.000000	Infinity	0.000000	0.000000	1.000000	0.000001	0.051370	0.108434	0.000000
CAR_PHEV	0.000230	0.000017	10.000000	0.000000	0.000000	Infinity	0.000000	0.000000	1.000000	0.000137	0.051370	0.108434	0.000000
CAR_BEV	144551.489139	3244.920851	10.000000	0.000000	324.492085	Infinity	0.000000	1.000000	1.000000	0.051370	0.051370	0.108434	0.000000
CAR_FUEL_CELL	0.000000	0.000000	10.000000	0.000000	0.000000	Infinity	0.000000	0.000000	1.000000	0.000000	0.051370	0.108434	0.000000
TRAIN_FREIGHT	347.778747	6.955281	40.000000	0.000000	3.330576	Infinity	0.000000	1.000000	1.000000	0.342466	0.342466	0.033427	0.000000
BOAT_FREIGHT_DIESEL	0.000000	0.000000	40.000000	0.000000	0.000000	Infinity	0.000000	0.000000	0.000000	0.000000	0.114155	0.033427	0.000000
BOAT_FREIGHT_NG	0.000000	0.000000	40.000000	0.000000	0.000000	Infinity	0.000000	0.000000	0.000000	0.000000	0.114155	0.033427	0.000000
BOAT_FREIGHT_METHANOL	0.000000	0.000000	40.000000	0.000000	0.000000	Infinity	0.000000	0.000000	0.000000	0.000000	0.114155	0.033427	0.000000
TRUCK_DIESEL	0.000001	0.000000	15.000000	0.000000	0.000000	Infinity	0.000000	0.000000	1.000000	0.000003	0.092593	0.074944	0.000000
TRUCK_METHANOL	0.000000	0.000000	15.000000	0.000000	0.000000	Infinity	0.000000	0.000000	1.000000	0.000001	0.092593	0.074944	0.000000
TRUCK_FUEL_CELL	14967.800124	445.932188	15.000000	0.000000	36.955706	Infinity	0.000000	1.000000	1.000000	0.092593	0.092593	0.074944	0.000000
TRUCK_ELEC	0.000006	0.000000	15.000000	0.000000	0.000000	Infinity	0.000000	0.000000	1.000000	0.000007	0.092593	0.074944	0.000000
TRUCK_NG	0.000000	0.000000	15.000000	0.000000	0.000000	Infinity	0.000000	0.000000	1.000000	0.000000	0.092593	0.074944	0.000000
HABER_BOSCH	0.000009	0.000000	20.000000	0.000000	0.000000	Infinity	0.000000	1.000000	1.000000	0.000073	0.994000	0.058246	0.000000
OIL_TO_HVC	0.000003	0.000000	15.000000	0.000000	0.000000	Infinity	0.000000	0.000000	1.000000	0.000002	0.994000	0.074944	0.000000
GAS_TO_HVC	0.000006	0.000000	25.000000	0.000000	0.000000	Infinity	0.000000	0.000000	1.000000	0.000002	0.994000	0.048263	0.000000
METHANOL_TO_HVC	71.664645	6.449827	20.000000	0.000000	0.100286	Infinity	0.000000	1.000000	1.000000	0.994000	0.994000	0.058246	0.000000
ADLIBIO_TO_HVC	0.000005	0.000000	20.000000	0.000000	0.000000	Infinity	0.000000	0.000000	1.000000	0.000001	1.000000	0.058246	0.000005
SYN_METHANOLATION	0.000005	0.000000	20.000000	0.000000	0.000000	Infinity	0.000000	0.000000	1.000000	0.000003	0.944300	0.058246	0.000000
METHANE_TO_METHANOL	167.883746	7.340945	25.000000	0.000000	0.153173	Infinity	0.000000	1.000000	1.000000	0.844900	0.844900	0.048263	0.000000
BIOMASS_TO_METHANOL	0.000006	0.000000	20.000000	0.000000	0.000000	Infinity	0.000000	0.000000	1.000000	0.000001	0.994000	0.058246	0.000000
DAM_STORAGE	0.000000	0.000000	1.000000	7500.000000	9900.000000	9900.000000	0.000000	-1.000000	1.000000	0.000116	1.000000	1.015000	
PHS	21697.200000	0.000000	50.000000	369.000000	369.000000	1700.000000	0.000000	-1.000000	1.000000	0.000000	1.000000	0.028572	
BATT_LI	0.000030	0.000000	15.000000	0.000000	0.000000	Infinity	0.000000	-1.000000	1.000000	0.000000	1.000000	0.074944	
BEV_BATT	0.000000	0.000000	1.000000	0.000000	321.916751	Infinity	0.000000	-1.000000	1.000000	0.004715	1.000000	1.015000	
PHEV_BATT	0.000000	0.000000	1.000000	0.000000	0.000000	Infinity	0.000000	-1.000000	1.000000	0.000007	1.000000	1.015000	
TS_DEC_DIRECT_ELEC	0.000031	0.000000	20.000000	0.000000	0.000002	Infinity	0.000000	-1.000000	1.000000	0.000012	1.000000	0.058246	
TS_DEC_HP_ELEC	710.706718	4.975423	20.000000	0.000000	37.464772	Infinity	0.000000	-1.000000	1.000000	0.034484	1.000000	0.058246	
TS_DEC_THHP_GAS	0.000031	0.000000	20.000000	0.000000	0.000002	Infinity	0.000000	-1.000000	1.000000	0.000009	1.000000	0.058246	
TS_DEC_COGEN_GAS	0.000031	0.000000	20.000000	0.000000	0.000002	Infinity	0.000000	-1.000000	1.000000	0.000007	1.000000	0.058246	
TS_DEC_COGEN_OIL	0.000031	0.000000	20.000000	0.000000	0.000002	Infinity	0.000000	-1.000000	1.000000	0.000004	1.000000	0.058246	
TS_DEC_ADVCOGEN_GAS	0.000031	0.000000	20.000000	0.000000	0.000002	Infinity	0.000000	-1.000000	1.000000	0.000004	1.000000	0.058246	
TS_DEC_ADVCOGEN_H2	0.000031	0.000000	20.000000	0.000000	0.000002	Infinity	0.000000	-1.000000	1.000000	0.000006	1.000000	0.058246	
TS_DEC_BOILER_GAS	0.000031	0.000000	20.000000	0.000000	0.000002	Infinity	0.000000	-1.000000	1.000000	0.000008	1.000000	0.058246	
TS_DEC_BOILER_WOOD	0.000031	0.000000	20.000000	0.000000	0.000002	Infinity	0.000000	-1.000000	1.000000	0.000005	1.000000	0.058246	
TS_DEC_BOILER_OIL	0.000031	0.000000	20.000000	0.000000	0.000002	Infinity	0.000000	-1.000000	1.000000	0.000006	1.000000	0.058246	
TS_DHN_DAILY	408.115987	1.169932	40.000000	0.000000	136.038662	Infinity	0.000000	-1.000000	1.000000	0.003984	1.000000	0.033427	
TS_DHN_SEASONAL	76.060131	0.414873	25.000000	0.000000	138.291148	Infinity	0.000000	-1.000000	1.000000	0.002647	1.000000	0.048263	
TS_HIGH_TEMP	0.000046	0.000000	25.000000	0.000000	0.000002	Infinity	0.000000	-1.000000	1.000000	0.000270	1.000000	0.048263	
GAS_STORAGE	0.000003	0.000000	50.000000	0.000000	0.000057	Infinity	0.000000	-1.000000	1.000000	0.000012	1.000000	0.028572	
H2_STORAGE	0.000175	0.000011	20.000000	0.000000	0.000028	Infinity	0.000000	-1.000000	1.000000	0.000076	1.000000	0.058246	
DIESEL_STORAGE	17079.693126	678.063817	20.000000	0.000000	1707969.312590	Infinity	0.000000	-1.000000	1.000000	0.000000	1.000000	0.058246	
GASOLINE_STORAGE	14259.961434	566.120469	20.000000	0.000000	1425996.143414	Infinity	0.000000	-1.000000	1.000000	0.000000	1.000000	0.058246	
LFO_STORAGE	32368.806892	1285.041634	20.000000	0.000000	3236880.689195	Infinity	0.000000	-1.000000	1.000000	0.000000	1.000000	0.058246	
AMMONIA_STORAGE	0.000000	0.000000	20.000000	0.000000	0.000009	Infinity	0.000000	-1.000000	1.000000	0.000000	1.000000	0.058246	
METHANOL_STORAGE	0.000000	0.000000	20.000000	0.000000	0.000000	Infinity	0.000000	-1.000000	1.000000	0.000000	1.000000	0.058246	
CO2_STORAGE	0.000667	0.000007	30.000000	0.000000	0.000013	Infinity	0.000000	-1.000000	1.000000	0.000000	1.000000	0.041639	
PT_STORAGE	0.000000	0.000000	25.000000	0.000000	0.000000	0.000000	0.000000	-1.000000	1.000000	0.000000	1.000000	0.048263	
ST_STORAGE	0.000000	0.000000	25.000000	0.000000	0.000000	0.000000	0.000000	-1.000000	1.000000	0.000000	1.000000	0.048263	
TS_COLD	2109.870096	25.318441	20.000000	0.000000	84.394804	Infinity	0.000000	-1.000000	1.000000	0.010000	1.000000	0.058246	
CAES	0.000374	0.000031	50.000000	0.000000	0.000010	Infinity	0.000000	-1.000000	1.000000	0.000000	1.000000	0.028572	
ADLIBIO_TO_FUEL	0.000005	0.000000	20.000000	0.000000	0.000000	Infinity	0.000000	-1.000000	1.000000	0.000002	1.000000	0.058246	
AMMONIA_TO_H2	0.000004	0.000000	25.000000	0.000000	0.000000	Infinity	0.000000	-1.000000	1.000000	0.000004	0.854840	0.048263	
ATM_CCS	0.000000	0.000000	40.000000	0.000000	0.000000	0.000000	0.000000	-1.000000	1.000000	0.000000	1.000000	0.033427	
BIO_HYDROLYSIS	0.000009	0.000001	15.000000	0.000000	0.000000	Infinity	0.000000	-1.000000	1.000000	0.000024	0.844900	0.074944	
BIOMETHANATION	1429.526406	19.802277	20.000000	0.000000	1.414448	Infinity	0.000000	-1.000000	1.000000	0.994000	0.994000	0.058246	
DHN	3773.004718	0.000000	60.000000	0.000000	4.568466	Infinity	0.000000	-1.000000	1.000000	0.000000	1.000000	0.025393	
EFFICIENCY	5517.241379	0.000000	1.000000	0.000000	0.985222	Infinity	0.000000	-1.000000	1.000000	0.000000	1.000000	1.015000	
GASIFICATION_SNG	0.000006	0.000000	25.000000	0.000000	0.000000	Infinity	0.000000	-1.000000	1.000000	0.000001	0.844900	0.048263	
GRID	79451.684571	0.000000	80.000000	0.000000	1.060500	Infinity	0.000000	-1.000000	1.000000	0.000000	1.000000	0.021548	
H2_BIOMASS	159.525230	11.238402	25.000000	0.000000	0.057426	Infinity	0.000000	-1.000000	1.000000	0.854840	0.854840	0.048263	
H2_ELECTROLYSIS	1317.849773	36.241044	15.000000	0.000000	1.735177	Infinity	0.000000	-1.000000	1.000000	0.894600	0.894600	0.074944	
INDUSTRY_CCS	0.000013	0.000000	40.000000	0.000000	0.000000	Infinity	0.000000	-1.000000	1.000000	0.000002	1.000000	0.033427	
REDIFUEL	0.000008	0.000000	20.000000	0.000000	0.000000	Infinity	0.000000	-1.000000	1.000000	0.000000	1.000000	0.058246	
SMR	0.000006	0.000001	25.000000	0.000000	0.000000	Infinity	0.000000	-1.000000	1.000000	0.000005	0.854840	0.048263	
SYN_METHANATION	0.000003	0.000001	40.000000	0.000000	0.000000	Infinity	0.000000	-1.000000	1.000000	0.000005	1.000000	0.033427	
PT_COLLECTOR	0.000000	0.000000	25.000000	0.000000	0.000000	0.000000	0.000000	-1.000000	1.000000	0.000000	1.000000	0.048263	
ST_COLLECTOR	0.000000	0.000000	25.000000	0.000000	0.000000	0.000000	0.000000	-1.000000	1.000000	0.000000	1.000000	0.048263	