TECHNOLOGIES	 c_inv	 c_maint	 lifetime	  f_min	 f	 f_max	 fmin_perc	f_perc	 fmax_perc	 c_p	 c_p_max	 tau	 gwp_constr
 UNITS	[M€/GW]	 [M€/GW/y]	 [y]	 [GW or GWh]	 [GW or GWh]	 [GW or GWh]	 [0-1]	 [0-1]	 [0-1]	 [0-1]	 [0-1]	 [-]	 [ktCO2-eq./GW or GWh]
NUCLEAR	0.000000	0.000000	60.000000	0.000000	0.000000	0.000000	0.000000	0.000000	1.000000	0.000000	0.849000	0.025393	0.000000
CCGT	0.008208	0.000208	25.000000	0.000000	0.000011	Infinity	0.000000	0.000001	1.000000	0.067539	0.961540	0.048263	0.001954
CCGT_AMMONIA	2038.741369	51.634767	25.000000	0.000000	2.640891	Infinity	0.000000	0.102433	1.000000	0.517008	0.630000	0.048263	485.369339
COAL_US	0.000000	0.000000	35.000000	0.000000	0.000000	0.000000	0.000000	0.000000	1.000000	0.000000	0.868000	0.036934	0.000000
COAL_IGCC	0.000000	0.000000	35.000000	0.000000	0.000000	0.000000	0.000000	0.000000	1.000000	0.000000	0.856000	0.036934	0.000000
PV	51482.249038	587.931241	25.000000	0.000000	59.174999	59.200000	0.000000	0.527001	1.000000	0.118708	1.000000	0.048263	123168.617949
WIND_ONSHORE	10400.000004	120.960000	30.000000	0.000000	10.000000	10.000000	0.000000	0.182494	1.000000	0.243251	1.000000	0.041639	6228.500002
WIND_OFFSHORE	29847.779959	207.666000	30.000000	0.000000	6.000000	6.000000	0.000000	0.183896	1.000000	0.408532	1.000000	0.041639	3737.099995
HYDRO_RIVER	580.165800	5.801152	40.000000	0.000000	0.115000	0.115000	0.000000	0.004176	1.000000	0.483985	1.000000	0.033427	145.224300
GEOTHERMAL	0.000000	0.000000	30.000000	0.000000	0.000000	0.000000	0.000000	0.000000	1.000000	0.000000	0.950000	0.041639	0.000000
IND_COGEN_GAS	0.000497	0.000032	25.000000	0.000000	0.000000	Infinity	0.000000	0.000000	1.000000	0.001481	0.850000	0.048263	0.000362
IND_COGEN_WOOD	4464.691057	163.463567	25.000000	0.000000	4.130951	Infinity	0.000000	0.335913	1.000000	0.704154	0.850000	0.048263	682.970209
IND_COGEN_WASTE	0.000623	0.000023	25.000000	0.000000	0.000000	Infinity	0.000000	0.000000	1.000000	0.000358	0.850000	0.048263	0.000138
IND_BOILER_GAS	20.722792	0.415190	17.000000	0.000000	0.351890	Infinity	0.000000	0.003610	1.000000	0.088835	0.950000	0.067080	4.335283
IND_BOILER_WOOD	0.000488	0.000010	17.000000	0.000000	0.000004	Infinity	0.000000	0.000000	1.000000	0.001382	0.900000	0.067080	0.000122
IND_BOILER_OIL	0.000449	0.000010	17.000000	0.000000	0.000008	Infinity	0.000000	0.000000	1.000000	0.000367	0.950000	0.067080	0.000101
IND_BOILER_COAL	433.889059	8.677730	17.000000	0.000000	3.767052	Infinity	0.000000	0.360565	1.000000	0.828845	0.900000	0.067080	181.496569
IND_BOILER_WASTE	280.865015	5.617267	17.000000	0.000000	2.438488	Infinity	0.000000	0.192417	1.000000	0.683303	0.900000	0.067080	70.399140
IND_DIRECT_ELEC	4659.656903	21.138132	15.000000	0.000000	14.020753	Infinity	0.000000	0.107495	1.000000	0.066391	0.950000	0.074944	20.610506
DHN_HP_ELEC	2462.876534	83.514165	25.000000	0.000000	7.143742	Infinity	0.000000	0.769898	1.000000	0.549855	0.950000	0.048263	1248.654686
DHN_COGEN_GAS	1835.943438	53.679072	25.000000	0.000000	1.463498	Infinity	0.000000	0.230102	1.000000	0.802176	0.850000	0.048263	718.401832
DHN_COGEN_WOOD	0.000528	0.000019	25.000000	0.000000	0.000000	Infinity	0.000000	0.000000	1.000000	0.001404	0.850000	0.048263	0.000081
DHN_COGEN_WASTE	0.000524	0.000019	25.000000	0.000000	0.000000	Infinity	0.000000	0.000000	1.000000	0.000271	0.850000	0.048263	0.000116
DHN_COGEN_WET_BIOMASS	0.000270	0.000022	25.000000	0.000000	0.000000	Infinity	0.000000	0.000000	1.000000	0.000151	0.750000	0.048263	0.000201
DHN_COGEN_BIO_HYDROLYSIS	0.000344	0.000017	15.000000	0.000000	0.000000	Infinity	0.000000	0.000000	1.000000	0.000124	0.850000	0.074944	0.000049
DHN_BOILER_GAS	0.000092	0.000002	17.000000	0.000000	0.000002	Infinity	0.000000	0.000000	1.000000	0.000447	0.950000	0.067080	0.000019
DHN_BOILER_WOOD	0.000154	0.000003	17.000000	0.000000	0.000001	Infinity	0.000000	0.000000	1.000000	0.000709	0.900000	0.067080	0.000039
DHN_BOILER_OIL	0.000082	0.000002	17.000000	0.000000	0.000002	Infinity	0.000000	0.000000	1.000000	0.000295	0.950000	0.067080	0.000019
DHN_DEEP_GEO	0.000000	0.000000	30.000000	0.000000	0.000000	0.000000	0.000000	0.000000	1.000000	0.000000	0.850000	0.041639	0.000000
DHN_SOLAR	0.000054	0.000000	30.000000	0.000000	0.000000	Infinity	0.000000	0.000000	1.000000	0.000083	1.000000	0.041639	0.000033
DEC_HP_ELEC	9579.115641	399.398620	18.000000	0.000000	19.468164	Infinity	0.000000	0.993880	1.000000	0.449691	1.000000	0.063806	3210.105638
DEC_THHP_GAS	0.001320	0.000039	20.000000	0.000000	0.000004	Infinity	0.000000	0.000000	1.000000	0.009450	1.000000	0.058246	0.001596
DEC_COGEN_GAS	0.001105	0.000071	20.000000	0.000000	0.000001	Infinity	0.000000	0.000000	1.000000	0.002668	1.000000	0.058246	0.000804
DEC_COGEN_OIL	0.000648	0.000040	20.000000	0.000000	0.000000	Infinity	0.000000	0.000000	1.000000	0.000385	1.000000	0.058246	0.000508
DEC_ADVCOGEN_GAS	0.003286	0.000061	20.000000	0.000000	0.000000	Infinity	0.000000	0.000000	1.000000	0.002061	1.000000	0.058246	0.000995
DEC_ADVCOGEN_H2	848.489903	15.812703	20.000000	0.000000	0.117158	Infinity	0.000000	0.006120	1.000000	0.460122	1.000000	0.058246	256.979871
DEC_BOILER_GAS	0.000765	0.000023	17.000000	0.000000	0.000005	Infinity	0.000000	0.000000	1.000000	0.000411	1.000000	0.067080	0.000102
DEC_BOILER_WOOD	0.000808	0.000028	17.000000	0.000000	0.000002	Infinity	0.000000	0.000000	1.000000	0.001923	1.000000	0.067080	0.000037
DEC_BOILER_OIL	0.000644	0.000039	17.000000	0.000000	0.000005	Infinity	0.000000	0.000000	1.000000	0.000356	1.000000	0.067080	0.000095
DEC_SOLAR	0.000829	0.000009	20.000000	0.000000	0.000001	Infinity	0.000000	0.000000	1.000000	0.000694	1.000000	0.058246	0.000255
DEC_DIRECT_ELEC	0.000870	0.000004	15.000000	0.000000	0.000022	Infinity	0.000000	0.000000	1.000000	0.000253	1.000000	0.074944	0.000032
TRAMWAY_TROLLEY	4725.034459	94.500689	30.000000	0.000000	7.560055	Infinity	0.000000	0.300000	0.300000	0.342470	0.342470	0.041639	0.000000
BUS_COACH_DIESEL	0.000291	0.000015	15.000000	0.000000	0.000000	Infinity	0.000000	0.000000	1.000000	0.001410	0.296800	0.074944	0.000000
BUS_COACH_HYDIESEL	4846.288248	193.852305	15.000000	0.000000	5.815569	Infinity	0.000000	0.200000	1.000000	0.296800	0.296800	0.074944	0.000000
BUS_COACH_CNG_STOICH	0.000096	0.000005	15.000000	0.000000	0.000000	Infinity	0.000000	0.000000	1.000000	0.000463	0.296800	0.074944	0.000000
BUS_COACH_FC_HYBRIDH2	0.000312	0.000009	15.000000	0.000000	0.000000	Infinity	0.000000	0.000000	1.000000	0.001000	0.296800	0.074944	0.000000
BUS_COACH_ELECTRIC	0.000352	0.000011	15.000000	0.000000	0.000000	Infinity	0.000000	0.000000	1.000000	0.000930	0.296800	0.074944	0.000000
TRAIN_PUB	23625.649386	852.657335	40.000000	0.000000	15.687474	Infinity	0.000000	0.500000	0.500000	0.275070	0.275070	0.033427	0.000000
CAR_GASOLINE	12608.700003	720.000000	10.000000	30.000000	30.000000	Infinity	0.000000	0.000000	1.000000	0.000000	0.051370	0.108434	0.000000
CAR_DIESEL	0.000000	0.000000	10.000000	0.000000	0.000000	0.000000	0.000000	0.000000	1.000000	0.000000	0.051370	0.108434	0.000000
CAR_NG	0.000000	0.000000	10.000000	0.000000	0.000000	0.000000	0.000000	0.000000	1.000000	0.000000	0.051370	0.108434	0.000000
CAR_METHANOL	0.000000	0.000000	10.000000	0.000000	0.000000	0.000000	0.000000	0.000000	1.000000	0.000000	0.051370	0.108434	0.000000
CAR_HEV	0.000025	0.000002	10.000000	0.000000	0.000000	Infinity	0.000000	0.000000	1.000000	0.000032	0.051370	0.108434	0.000000
CAR_PHEV	0.017013	0.001267	10.000000	0.000000	0.000037	Infinity	0.000000	0.000000	1.000000	0.010865	0.051370	0.108434	0.000000
CAR_BEV	72884.663401	1680.028200	10.000000	0.000000	168.002820	Infinity	0.000000	1.000000	1.000000	0.051370	0.051370	0.108434	0.000000
CAR_FUEL_CELL	0.000205	0.000003	10.000000	0.000000	0.000000	Infinity	0.000000	0.000000	1.000000	0.000176	0.051370	0.108434	0.000000
TRAIN_FREIGHT	737.033459	14.740046	40.000000	0.000000	7.058355	Infinity	0.000000	1.000000	1.000000	0.342470	0.342470	0.033427	0.000000
BOAT_FREIGHT_DIESEL	0.000318	0.000016	40.000000	0.000000	0.000004	Infinity	0.000000	0.000000	1.000000	0.004751	0.114160	0.033427	0.000000
BOAT_FREIGHT_NG	0.000037	0.000002	40.000000	0.000000	0.000000	Infinity	0.000000	0.000000	1.000000	0.000417	0.114160	0.033427	0.000000
BOAT_FREIGHT_METHANOL	1941.018919	97.049534	40.000000	0.000000	25.409333	Infinity	0.000000	1.000000	1.000000	0.114160	0.114160	0.033427	0.000000
TRUCK_DIESEL	0.000168	0.000008	15.000000	0.000000	0.000000	Infinity	0.000000	0.000000	1.000000	0.000399	0.092590	0.074944	0.000000
TRUCK_METHANOL	0.000333	0.000017	15.000000	0.000000	0.000001	Infinity	0.000000	0.000000	1.000000	0.000829	0.092590	0.074944	0.000000
TRUCK_FUEL_CELL	18901.580005	567.050533	15.000000	0.000000	46.993138	Infinity	0.000000	1.000000	1.000000	0.092590	0.092590	0.074944	0.000000
TRUCK_ELEC	0.000533	0.000016	15.000000	0.000000	0.000001	Infinity	0.000000	0.000000	1.000000	0.000761	0.092590	0.074944	0.000000
TRUCK_NG	0.000061	0.000003	15.000000	0.000000	0.000000	Infinity	0.000000	0.000000	1.000000	0.000148	0.092590	0.074944	0.000000
HABER_BOSCH	0.000423	0.000008	20.000000	0.000000	0.000000	Infinity	0.000000	1.000000	1.000000	0.000368	1.000000	0.058246	0.000000
SYN_METHANOLATION	0.000369	0.000010	20.000000	0.000000	0.000000	Infinity	0.000000	0.220801	1.000000	0.000312	0.950000	0.058246	0.000000
METHANE_TO_METHANOL	0.000534	0.000023	25.000000	0.000000	0.000001	Infinity	0.000000	0.394927	1.000000	0.000557	0.850000	0.048263	0.000000
BIOMASS_TO_METHANOL	0.000608	0.000009	20.000000	0.000000	0.000000	Infinity	0.000000	0.384272	1.000000	0.000542	1.000000	0.058246	0.000000
ADLIBIO_TO_HVC	0.000215	0.000026	25.000000	0.000000	0.000000	Infinity	0.000000	0.000000	1.000000	0.000048	1.000000	0.048263	0.000176
OIL_TO_HVC	0.000422	0.000002	15.000000	0.000000	0.000001	Infinity	0.000000	0.000000	1.000000	0.000247	1.000000	0.074944	0.000000
GAS_TO_HVC	0.000527	0.000013	25.000000	0.000000	0.000001	Infinity	0.000000	0.000000	1.000000	0.000246	1.000000	0.048263	0.000000
METHANOL_TO_HVC	3293.143430	296.382909	20.000000	0.000000	4.723384	Infinity	0.000000	1.000000	1.000000	1.000000	1.000000	0.058246	0.000000
PHS	382.200003	0.000000	50.000000	5.000000	6.500000	6.500000	0.000000	-1.000000	1.000000	0.009361	1.000000	0.028572	
BATT_LI	10010.559999	15.476553	15.000000	0.000000	33.147550	Infinity	0.000000	-1.000000	1.000000	0.019704	1.000000	0.074944	
BEV_BATT	0.000000	0.000000	1.000000	0.000000	166.669464	Infinity	0.000000	-1.000000	1.000000	0.003732	1.000000	1.015000	
PHEV_BATT	0.000000	0.000000	1.000000	0.000000	0.000007	Infinity	0.000000	-1.000000	1.000000	0.000523	1.000000	1.015000	
TS_DEC_DIRECT_ELEC	0.001770	0.000012	20.000000	0.000000	0.000093	Infinity	0.000000	-1.000000	1.000000	0.000204	1.000000	0.058246	
TS_DEC_HP_ELEC	1347.454381	9.433083	20.000000	0.000000	71.030806	Infinity	0.000000	-1.000000	1.000000	0.030911	1.000000	0.058246	
TS_DEC_THHP_GAS	0.001817	0.000013	20.000000	0.000000	0.000096	Infinity	0.000000	-1.000000	1.000000	0.003261	1.000000	0.058246	
TS_DEC_COGEN_GAS	0.001800	0.000013	20.000000	0.000000	0.000095	Infinity	0.000000	-1.000000	1.000000	0.000526	1.000000	0.058246	
TS_DEC_COGEN_OIL	0.001808	0.000013	20.000000	0.000000	0.000095	Infinity	0.000000	-1.000000	1.000000	0.000239	1.000000	0.058246	
TS_DEC_ADVCOGEN_GAS	0.002192	0.000015	20.000000	0.000000	0.000116	Infinity	0.000000	-1.000000	1.000000	0.000342	1.000000	0.058246	
TS_DEC_ADVCOGEN_H2	10.847552	0.075940	20.000000	0.000000	0.571827	Infinity	0.000000	-1.000000	1.000000	0.023193	1.000000	0.058246	
TS_DEC_BOILER_GAS	0.001793	0.000013	20.000000	0.000000	0.000095	Infinity	0.000000	-1.000000	1.000000	0.000244	1.000000	0.058246	
TS_DEC_BOILER_WOOD	0.001816	0.000013	20.000000	0.000000	0.000096	Infinity	0.000000	-1.000000	1.000000	0.000501	1.000000	0.058246	
TS_DEC_BOILER_OIL	0.001805	0.000013	20.000000	0.000000	0.000095	Infinity	0.000000	-1.000000	1.000000	0.000245	1.000000	0.058246	
TS_DHN_DAILY	0.004241	0.000012	40.000000	0.000000	0.001414	Infinity	0.000000	-1.000000	1.000000	0.001037	1.000000	0.033427	
TS_DHN_SEASONAL	471.275054	2.581831	25.000000	0.000000	872.731582	Infinity	0.000000	-1.000000	1.000000	0.001485	1.000000	0.048263	
TS_HIGH_TEMP	1149.165207	12.299307	25.000000	0.000000	40.997688	Infinity	0.000000	-1.000000	1.000000	0.024906	1.000000	0.048263	
GAS_STORAGE	0.004566	0.000120	50.000000	0.000000	0.091312	Infinity	0.000000	-1.000000	1.000000	0.000145	1.000000	0.028572	
H2_STORAGE	0.386100	0.024326	20.000000	0.000000	0.062375	Infinity	0.000000	-1.000000	1.000000	0.002574	1.000000	0.058246	
DIESEL_STORAGE	0.008571	0.000340	20.000000	0.000000	0.857054	Infinity	0.000000	-1.000000	1.000000	0.000073	1.000000	0.058246	
GASOLINE_STORAGE	0.010087	0.000400	20.000000	0.000000	1.008704	Infinity	0.000000	-1.000000	1.000000	0.000000	1.000000	0.058246	
LFO_STORAGE	0.010706	0.000425	20.000000	0.000000	1.070592	Infinity	0.000000	-1.000000	1.000000	0.000000	1.000000	0.058246	
AMMONIA_STORAGE	0.000044	0.000002	20.000000	0.000000	0.004376	Infinity	0.000000	-1.000000	1.000000	0.000084	1.000000	0.058246	
METHANOL_STORAGE	0.000035	0.000001	20.000000	0.000000	0.003499	Infinity	0.000000	-1.000000	1.000000	0.000039	1.000000	0.058246	
CO2_STORAGE	0.004787	0.000048	30.000000	0.000000	0.000097	Infinity	0.000000	-1.000000	1.000000	0.000158	1.000000	0.041639	
AMMONIA_TO_H2	0.000351	0.000032	25.000000	0.000000	0.000001	Infinity	0.000000	-1.000000	1.000000	0.000471	0.860000	0.048263	
ATM_CCS	0.000652	0.000016	40.000000	0.000000	0.000000	Infinity	0.000000	-1.000000	1.000000	0.000105	1.000000	0.033427	
BIO_HYDROLYSIS	3847.209986	262.305257	15.000000	0.000000	2.416726	Infinity	0.000000	-1.000000	1.000000	0.777245	0.850000	0.074944	
BIOMETHANATION	0.000833	0.000012	20.000000	0.000000	0.000001	Infinity	0.000000	-1.000000	1.000000	0.000402	0.850000	0.058246	
DHN	7375.491570	0.000000	60.000000	0.000000	8.930464	Infinity	0.000000	-1.000000	1.000000	0.000000	1.000000	0.025393	
EFFICIENCY	5517.241379	0.000000	1.000000	0.000000	0.985222	Infinity	0.000000	-1.000000	1.000000	0.000000	1.000000	1.015000	
GASIFICATION_SNG	2177.700545	153.517108	25.000000	0.000000	0.862456	Infinity	0.000000	-1.000000	1.000000	0.824087	0.850000	0.048263	
GRID	102568.424592	0.000000	80.000000	0.000000	1.369056	Infinity	0.000000	-1.000000	1.000000	0.000000	1.000000	0.021548	
H2_BIOMASS	5211.151845	367.119544	25.000000	0.000000	2.063504	Infinity	0.000000	-1.000000	1.000000	0.860000	0.860000	0.048263	
H2_ELECTROLYSIS	1162.643435	31.972811	15.000000	0.000000	1.669985	Infinity	0.000000	-1.000000	1.000000	0.084084	0.900000	0.074944	
INDUSTRY_CCS	0.000856	0.000021	40.000000	0.000000	0.000000	Infinity	0.000000	-1.000000	1.000000	0.000759	1.000000	0.033427	
SMR	0.000993	0.000092	25.000000	0.000000	0.000001	Infinity	0.000000	-1.000000	1.000000	0.001785	0.860000	0.048263	
SYN_METHANATION	0.000210	0.000054	40.000000	0.000000	0.000001	Infinity	0.000000	-1.000000	1.000000	0.003113	1.000000	0.033427	
ADLIBIO_TO_FUEL	2676.000004	420.000001	25.000000	3.000000	3.000000	Infinity	0.000000	-1.000000	1.000000	0.000000	1.000000	0.048263	
REDIFUEL	0.001645	0.000043	25.000000	0.000000	0.000000	Infinity	0.000000	-1.000000	1.000000	0.000406	1.000000	0.048263	