TECHNOLOGIES	 c_inv	 c_maint	 lifetime	  f_min	 f	 f_max	 fmin_perc	f_perc	 fmax_perc	 c_p	 c_p_max	 tau	 gwp_constr
 UNITS	[M€/GW]	 [M€/GW/y]	 [y]	 [GW or GWh]	 [GW or GWh]	 [GW or GWh]	 [0-1]	 [0-1]	 [0-1]	 [0-1]	 [0-1]	 [-]	 [ktCO2-eq./GW or GWh]
PT_POWER_BLOCK	0.000000	0.000000	25.000000	0.000000	0.000000	0.000000	0.000000	0.000000	1.000000	0.000000	1.000000	0.048263	0.000000
ST_POWER_BLOCK	0.000000	0.000000	25.000000	0.000000	0.000000	0.000000	0.000000	0.000000	1.000000	0.000000	1.000000	0.048263	0.000000
HYDRO_DAM	35789.958033	178.935336	40.000000	8.080000	8.520000	8.520000	0.000000	0.791042	1.000000	1.000000	1.000000	0.033427	14423.337599
TIDAL	0.000000	0.000000	40.000000	0.000000	0.000000	0.000000	0.000000	0.000000	1.000000	0.000000	1.000000	0.033427	0.000000
WAVE	0.000000	0.000000	20.000000	0.000000	0.000000	0.000000	0.000000	0.000000	0.000000	0.000000	1.000000	0.058246	0.000000
NUCLEAR	10340.787845	219.654725	60.000000	2.134000	2.134000	2.135000	0.000000	0.000000	1.000000	0.000000	0.850000	0.025393	1510.615924
CCGT	0.002668	0.000068	25.000000	0.000000	0.000003	Infinity	0.000000	0.000000	1.000000	0.000886	0.955769	0.048263	0.000629
CCGT_AMMONIA	0.001911	0.000048	25.000000	0.000000	0.000002	Infinity	0.000000	0.000000	1.000000	0.000146	0.590000	0.048263	0.000451
COAL_US	0.000000	0.000000	35.000000	0.000000	0.000000	0.000000	0.000000	0.000000	1.000000	0.000000	0.862792	0.036934	0.000000
COAL_IGCC	0.000000	0.000000	35.000000	0.000000	0.000000	0.000000	0.000000	0.000000	1.000000	0.000000	0.850864	0.036934	0.000000
PV	0.000946	0.000011	25.000000	0.000000	0.000001	25.000000	0.000000	0.000000	1.000000	0.000939	1.000000	0.048263	0.002079
WIND_ONSHORE	0.016984	0.000198	30.000000	0.000000	0.000016	5.300000	0.000000	0.000000	1.000000	0.035197	1.000000	0.041639	0.009976
WIND_OFFSHORE	0.000000	0.000000	30.000000	0.000000	0.000000	0.000000	0.000000	0.000000	1.000000	0.000000	1.000000	0.041639	0.000000
HYDRO_RIVER	23458.877964	234.568311	40.000000	3.800000	4.650000	4.650000	0.000000	0.208958	1.000000	0.484000	1.000000	0.033427	5872.112991
GEOTHERMAL	0.000845	0.000016	30.000000	0.000000	0.000000	0.700000	0.000000	0.000000	1.000000	0.000693	0.850000	0.041639	0.002752
IND_COGEN_GAS	0.003921	0.000252	25.000000	0.000000	0.000003	Infinity	0.000000	0.000000	1.000000	0.000724	0.844900	0.048263	0.002787
IND_COGEN_WOOD	0.010956	0.000401	25.000000	0.000000	0.000010	Infinity	0.000000	0.000003	1.000000	0.080360	0.844900	0.048263	0.001638
IND_COGEN_WASTE	0.002635	0.000097	25.000000	0.000000	0.000001	Infinity	0.000000	0.000000	1.000000	0.000326	0.844900	0.048263	0.000565
IND_BOILER_GAS	0.003242	0.000065	17.000000	0.000000	0.000055	Infinity	0.000000	0.000000	1.000000	0.001439	0.944300	0.067080	0.000678
IND_BOILER_WOOD	349.197963	6.983918	17.000000	0.000000	3.031759	Infinity	0.000000	0.999997	1.000000	0.894600	0.894600	0.067080	87.526873
IND_BOILER_OIL	0.002990	0.000064	17.000000	0.000000	0.000055	Infinity	0.000000	0.000000	1.000000	0.000303	0.944300	0.067080	0.000671
IND_BOILER_COAL	0.000099	0.000002	17.000000	0.000000	0.000001	Infinity	0.000000	0.000000	1.000000	0.000162	0.894600	0.067080	0.000041
IND_BOILER_WASTE	0.000233	0.000005	17.000000	0.000000	0.000002	Infinity	0.000000	0.000000	1.000000	0.000525	0.894600	0.067080	0.000058
IND_DIRECT_ELEC	0.115583	0.000524	15.000000	0.000000	0.000348	Infinity	0.000000	0.000000	1.000000	0.001262	0.944300	0.074944	0.000511
DHN_HP_ELEC	1980.059909	67.142951	25.000000	0.000000	5.597342	Infinity	0.000000	0.997658	1.000000	0.306741	0.944300	0.048263	978.359496
DHN_COGEN_GAS	0.003929	0.000115	25.000000	0.000000	0.000003	Infinity	0.000000	0.000000	1.000000	0.000626	0.844900	0.048263	0.001502
DHN_COGEN_WOOD	0.006241	0.000228	25.000000	0.000000	0.000006	Infinity	0.000000	0.000000	1.000000	0.003534	0.844900	0.048263	0.000933
DHN_COGEN_WASTE	0.002683	0.000099	25.000000	0.000000	0.000001	Infinity	0.000000	0.000000	1.000000	0.000303	0.844900	0.048263	0.000576
DHN_COGEN_WET_BIOMASS	0.000081	0.000007	25.000000	0.000000	0.000000	Infinity	0.000000	0.000000	1.000000	0.000176	0.745500	0.048263	0.000059
DHN_COGEN_BIO_HYDROLYSIS	0.000981	0.000048	15.000000	0.000000	0.000000	Infinity	0.000000	0.000000	1.000000	0.000066	0.844900	0.074944	0.000137
DHN_BOILER_GAS	32.469096	0.650532	17.000000	0.000000	0.551352	Infinity	0.000000	0.002341	1.000000	0.007308	0.944300	0.067080	6.792652
DHN_BOILER_WOOD	0.000452	0.000009	17.000000	0.000000	0.000004	Infinity	0.000000	0.000000	1.000000	0.003378	0.894600	0.067080	0.000113
DHN_BOILER_OIL	0.003864	0.000083	17.000000	0.000000	0.000070	Infinity	0.000000	0.000000	1.000000	0.000298	0.944300	0.067080	0.000868
DHN_DEEP_GEO	0.000000	0.000000	30.000000	0.000000	0.000000	0.000000	0.000000	0.000000	1.000000	0.000000	0.844900	0.041639	0.000000
DHN_SOLAR	0.000047	0.000000	30.000000	0.000000	0.000000	30.000000	0.000000	0.000000	1.000000	0.000062	1.000000	0.041639	0.000029
DEC_HP_ELEC	8053.907311	335.802697	18.000000	0.000000	15.952122	Infinity	0.000000	1.000000	1.000000	0.305924	1.000000	0.063806	2630.345382
DEC_THHP_GAS	0.000559	0.000016	20.000000	0.000000	0.000002	Infinity	0.000000	0.000000	1.000000	0.002341	1.000000	0.058246	0.000660
DEC_COGEN_GAS	0.002021	0.000130	20.000000	0.000000	0.000001	Infinity	0.000000	0.000000	1.000000	0.000861	1.000000	0.058246	0.001437
DEC_COGEN_OIL	0.001729	0.000106	20.000000	0.000000	0.000001	Infinity	0.000000	0.000000	1.000000	0.000188	1.000000	0.058246	0.001326
DEC_ADVCOGEN_GAS	0.001789	0.000033	20.000000	0.000000	0.000000	Infinity	0.000000	0.000000	1.000000	0.000290	1.000000	0.058246	0.000505
DEC_ADVCOGEN_H2	0.001843	0.000034	20.000000	0.000000	0.000000	Infinity	0.000000	0.000000	1.000000	0.000341	1.000000	0.058246	0.000520
DEC_BOILER_GAS	0.001609	0.000048	17.000000	0.000000	0.000010	Infinity	0.000000	0.000000	1.000000	0.001424	1.000000	0.067080	0.000214
DEC_BOILER_WOOD	0.000201	0.000007	17.000000	0.000000	0.000000	Infinity	0.000000	0.000000	1.000000	0.001916	1.000000	0.067080	0.000009
DEC_BOILER_OIL	0.001470	0.000088	17.000000	0.000000	0.000010	Infinity	0.000000	0.000000	1.000000	0.000417	1.000000	0.067080	0.000218
DEC_SOLAR	0.000774	0.000009	20.000000	0.000000	0.000001	30.000000	0.000000	0.000000	1.000000	0.000728	1.000000	0.058246	0.000235
DEC_DIRECT_ELEC	0.010092	0.000044	15.000000	0.000000	0.000248	Infinity	0.000000	0.000000	1.000000	0.001282	1.000000	0.074944	0.000364
DEC_THHP_GAS_COLD	1759.197460	51.428517	20.000000	0.000000	5.184326	Infinity	0.000000	0.020275	1.000000	0.000000	1.000000	0.058246	1980.049762
DEC_ELEC_COLD	1515.807892	63.196876	18.000000	0.000000	2.866071	Infinity	0.000000	0.979725	1.000000	0.000003	1.000000	0.063806	472.586529
TRAMWAY_TROLLEY	0.000041	0.000001	30.000000	0.000000	0.000000	Infinity	0.000000	0.000000	0.000000	0.000000	0.342466	0.041639	0.000000
BUS_COACH_DIESEL	0.000002	0.000000	15.000000	0.000000	0.000000	Infinity	0.000000	0.000000	1.000000	0.000000	0.296804	0.074944	0.000000
BUS_COACH_HYDIESEL	0.000003	0.000000	15.000000	0.000000	0.000000	Infinity	0.000000	0.000000	0.000000	0.000000	0.296804	0.074944	0.000000
BUS_COACH_CNG_STOICH	0.000002	0.000000	15.000000	0.000000	0.000000	Infinity	0.000000	0.000000	0.000000	0.000000	0.296804	0.074944	0.000000
BUS_COACH_FC_HYBRIDH2	0.000003	0.000000	15.000000	0.000000	0.000000	Infinity	0.000000	0.000000	0.000000	0.000000	0.296804	0.074944	0.000000
BUS_COACH_ELECTRIC	0.000003	0.000000	15.000000	0.000000	0.000000	Infinity	0.000000	0.000000	1.000000	0.000000	0.296800	0.074944	0.000000
TRAIN_PUB	60240.800042	2174.109975	40.000000	40.000000	40.000000	Infinity	0.000000	0.000000	0.500000	0.000000	0.275073	0.033427	0.000000
IND_ELEC_COLD	0.000000	0.000000	20.000000	0.000000	0.000000	Infinity	0.000000	0.000000	1.000000	0.000000	0.950000	0.058246	0.000000
TRAMWAY_TROLLEY	0.000041	0.000001	30.000000	0.000000	0.000000	Infinity	0.000000	0.000000	0.000000	0.000000	0.342466	0.041639	0.000000
BUS_COACH_DIESEL	0.000002	0.000000	15.000000	0.000000	0.000000	Infinity	0.000000	0.000000	1.000000	0.000000	0.296804	0.074944	0.000000
BUS_COACH_HYDIESEL	0.000003	0.000000	15.000000	0.000000	0.000000	Infinity	0.000000	0.000000	0.000000	0.000000	0.296804	0.074944	0.000000
BUS_COACH_CNG_STOICH	0.000002	0.000000	15.000000	0.000000	0.000000	Infinity	0.000000	0.000000	0.000000	0.000000	0.296804	0.074944	0.000000
BUS_COACH_FC_HYBRIDH2	0.000003	0.000000	15.000000	0.000000	0.000000	Infinity	0.000000	0.000000	0.000000	0.000000	0.296804	0.074944	0.000000
BUS_COACH_ELECTRIC	0.000003	0.000000	15.000000	0.000000	0.000000	Infinity	0.000000	0.000000	1.000000	0.000000	0.296800	0.074944	0.000000
TRAIN_PUB	60240.800042	2174.109975	40.000000	40.000000	40.000000	Infinity	0.000000	0.000000	0.500000	0.000000	0.275073	0.033427	0.000000
TRAMWAY_TROLLEY	0.000041	0.000001	30.000000	0.000000	0.000000	Infinity	0.000000	0.000000	0.000000	0.000000	0.342466	0.041639	0.000000
BUS_COACH_DIESEL	0.000002	0.000000	15.000000	0.000000	0.000000	Infinity	0.000000	0.000000	1.000000	0.000000	0.296804	0.074944	0.000000
BUS_COACH_HYDIESEL	0.000003	0.000000	15.000000	0.000000	0.000000	Infinity	0.000000	0.000000	0.000000	0.000000	0.296804	0.074944	0.000000
BUS_COACH_CNG_STOICH	0.000002	0.000000	15.000000	0.000000	0.000000	Infinity	0.000000	0.000000	0.000000	0.000000	0.296804	0.074944	0.000000
BUS_COACH_FC_HYBRIDH2	0.000003	0.000000	15.000000	0.000000	0.000000	Infinity	0.000000	0.000000	0.000000	0.000000	0.296804	0.074944	0.000000
BUS_COACH_ELECTRIC	0.000003	0.000000	15.000000	0.000000	0.000000	Infinity	0.000000	0.000000	1.000000	0.000000	0.296800	0.074944	0.000000
TRAIN_PUB	60240.800042	2174.109975	40.000000	40.000000	40.000000	Infinity	0.000000	0.000000	0.500000	0.000000	0.275073	0.033427	0.000000
CAR_GASOLINE	0.000911	0.000052	10.000000	0.000000	0.000002	Infinity	0.000000	0.000000	1.000000	0.001064	0.051370	0.108434	0.000000
CAR_DIESEL	0.004531	0.000252	10.000000	0.000000	0.000011	Infinity	0.000000	0.000000	1.000000	0.005401	0.051370	0.108434	0.000000
CAR_NG	55512.144411	3124.730787	10.000000	0.000000	130.197116	Infinity	0.000000	0.401234	1.000000	0.051370	0.051370	0.108434	0.000000
CAR_METHANOL	0.000527	0.000030	10.000000	0.000000	0.000001	Infinity	0.000000	0.000000	1.000000	0.000429	0.051370	0.108434	0.000000
CAR_HEV	83012.434493	6606.021703	10.000000	0.000000	194.294756	Infinity	0.000000	0.598766	1.000000	0.051370	0.051370	0.108434	0.000000
CAR_PHEV	0.020438	0.001513	10.000000	0.000000	0.000045	Infinity	0.000000	0.000000	1.000000	0.011734	0.051370	0.108434	0.000000
CAR_BEV	0.078738	0.001768	10.000000	0.000000	0.000177	Infinity	0.000000	0.000001	1.000000	0.051326	0.051370	0.108434	0.000000
CAR_FUEL_CELL	0.000265	0.000004	10.000000	0.000000	0.000000	Infinity	0.000000	0.000000	1.000000	0.000184	0.051370	0.108434	0.000000
TRAIN_FREIGHT	347.778749	6.955281	40.000000	0.000000	3.330576	Infinity	0.000000	1.000000	1.000000	0.342466	0.342466	0.033427	0.000000
BOAT_FREIGHT_DIESEL	0.000008	0.000000	40.000000	0.000000	0.000000	Infinity	0.000000	0.000000	0.000000	0.000000	0.114155	0.033427	0.000000
BOAT_FREIGHT_NG	0.000008	0.000000	40.000000	0.000000	0.000000	Infinity	0.000000	0.000000	0.000000	0.000000	0.114155	0.033427	0.000000
BOAT_FREIGHT_METHANOL	0.000000	0.000000	40.000000	0.000000	0.000000	Infinity	0.000000	0.000000	0.000000	0.000000	0.114155	0.033427	0.000000
TRUCK_DIESEL	0.000033	0.000002	15.000000	0.000000	0.000000	Infinity	0.000000	0.000000	1.000000	0.000082	0.092593	0.074944	0.000000
TRUCK_METHANOL	0.000009	0.000000	15.000000	0.000000	0.000000	Infinity	0.000000	0.000000	1.000000	0.000013	0.092593	0.074944	0.000000
TRUCK_FUEL_CELL	0.000355	0.000011	15.000000	0.000000	0.000001	Infinity	0.000000	0.000000	1.000000	0.000807	0.092593	0.074944	0.000000
TRUCK_ELEC	29257.092673	854.908646	15.000000	0.000000	36.955705	Infinity	0.000000	1.000000	1.000000	0.092593	0.092593	0.074944	0.000000
TRUCK_NG	0.000025	0.000001	15.000000	0.000000	0.000000	Infinity	0.000000	0.000000	1.000000	0.000057	0.092593	0.074944	0.000000
HABER_BOSCH	0.000063	0.000001	20.000000	0.000000	0.000000	Infinity	0.000000	1.000000	1.000000	0.000312	0.994000	0.058246	0.000000
OIL_TO_HVC	0.000045	0.000000	15.000000	0.000000	0.000000	Infinity	0.000000	0.000000	1.000000	0.000236	0.994000	0.074944	0.000000
GAS_TO_HVC	0.000208	0.000005	25.000000	0.000000	0.000000	Infinity	0.000000	0.000001	1.000000	0.000940	0.994000	0.048263	0.000000
METHANOL_TO_HVC	71.664530	6.449817	20.000000	0.000000	0.100286	Infinity	0.000000	0.999998	1.000000	0.994000	0.994000	0.058246	0.000000
ADLIBIO_TO_HVC	0.000173	0.000003	20.000000	0.000000	0.000000	Infinity	0.000000	0.000000	1.000000	0.000445	1.000000	0.058246	0.000165
SYN_METHANOLATION	0.000221	0.000006	20.000000	0.000000	0.000000	Infinity	0.000000	0.000001	1.000000	0.000674	0.944300	0.058246	0.000000
METHANE_TO_METHANOL	153.857310	6.727620	25.000000	0.000000	0.140376	Infinity	0.000000	0.999999	1.000000	0.844889	0.844900	0.048263	0.000000
BIOMASS_TO_METHANOL	0.000175	0.000003	20.000000	0.000000	0.000000	Infinity	0.000000	0.000000	1.000000	0.000146	0.994000	0.058246	0.000000
DAM_STORAGE	0.000000	0.000000	1.000000	7500.000000	9900.000000	9900.000000	0.000000	-1.000000	1.000000	0.000104	1.000000	1.015000	
PHS	21697.200000	0.000000	50.000000	369.000000	369.000000	1700.000000	0.000000	-1.000000	1.000000	0.000000	1.000000	0.028572	
BATT_LI	0.003876	0.000006	15.000000	0.000000	0.000011	Infinity	0.000000	-1.000000	1.000000	0.000191	1.000000	0.074944	
BEV_BATT	0.000000	0.000000	1.000000	0.000000	0.000175	Infinity	0.000000	-1.000000	1.000000	0.005467	1.000000	1.015000	
PHEV_BATT	0.000000	0.000000	1.000000	0.000000	0.000009	Infinity	0.000000	-1.000000	1.000000	0.000599	1.000000	1.015000	
TS_DEC_DIRECT_ELEC	0.001812	0.000013	20.000000	0.000000	0.000095	Infinity	0.000000	-1.000000	1.000000	0.001635	1.000000	0.058246	
TS_DEC_HP_ELEC	120.215320	0.841588	20.000000	0.000000	6.337128	Infinity	0.000000	-1.000000	1.000000	0.024646	1.000000	0.058246	
TS_DEC_THHP_GAS	0.001810	0.000013	20.000000	0.000000	0.000095	Infinity	0.000000	-1.000000	1.000000	0.001591	1.000000	0.058246	
TS_DEC_COGEN_GAS	0.001767	0.000012	20.000000	0.000000	0.000093	Infinity	0.000000	-1.000000	1.000000	0.000851	1.000000	0.058246	
TS_DEC_COGEN_OIL	0.001738	0.000012	20.000000	0.000000	0.000092	Infinity	0.000000	-1.000000	1.000000	0.000293	1.000000	0.058246	
TS_DEC_ADVCOGEN_GAS	0.001745	0.000012	20.000000	0.000000	0.000092	Infinity	0.000000	-1.000000	1.000000	0.000390	1.000000	0.058246	
TS_DEC_ADVCOGEN_H2	0.001744	0.000012	20.000000	0.000000	0.000092	Infinity	0.000000	-1.000000	1.000000	0.000431	1.000000	0.058246	
TS_DEC_BOILER_GAS	0.001785	0.000012	20.000000	0.000000	0.000094	Infinity	0.000000	-1.000000	1.000000	0.001179	1.000000	0.058246	
TS_DEC_BOILER_WOOD	0.001828	0.000013	20.000000	0.000000	0.000096	Infinity	0.000000	-1.000000	1.000000	0.001890	1.000000	0.058246	
TS_DEC_BOILER_OIL	0.001747	0.000012	20.000000	0.000000	0.000092	Infinity	0.000000	-1.000000	1.000000	0.000498	1.000000	0.058246	
TS_DHN_DAILY	174.576364	0.500452	40.000000	0.000000	58.192121	Infinity	0.000000	-1.000000	1.000000	0.009846	1.000000	0.033427	
TS_DHN_SEASONAL	0.000935	0.000005	25.000000	0.000000	0.001701	Infinity	0.000000	-1.000000	1.000000	0.001283	1.000000	0.048263	
TS_HIGH_TEMP	0.003796	0.000041	25.000000	0.000000	0.000135	Infinity	0.000000	-1.000000	1.000000	0.002696	1.000000	0.048263	
GAS_STORAGE	0.000181	0.000005	50.000000	0.000000	0.003615	Infinity	0.000000	-1.000000	1.000000	0.000220	1.000000	0.028572	
H2_STORAGE	43.422262	2.735813	20.000000	0.000000	7.014905	Infinity	0.000000	-1.000000	1.000000	0.044510	1.000000	0.058246	
DIESEL_STORAGE	0.004624	0.000184	20.000000	0.000000	0.462428	Infinity	0.000000	-1.000000	1.000000	0.000000	1.000000	0.058246	
GASOLINE_STORAGE	0.004264	0.000169	20.000000	0.000000	0.426351	Infinity	0.000000	-1.000000	1.000000	0.000142	1.000000	0.058246	
LFO_STORAGE	0.008086	0.000321	20.000000	0.000000	0.808606	Infinity	0.000000	-1.000000	1.000000	0.000000	1.000000	0.058246	
AMMONIA_STORAGE	0.000005	0.000000	20.000000	0.000000	0.000455	Infinity	0.000000	-1.000000	1.000000	0.000008	1.000000	0.058246	
METHANOL_STORAGE	0.000000	0.000000	20.000000	0.000000	0.000002	Infinity	0.000000	-1.000000	1.000000	0.000002	1.000000	0.058246	
CO2_STORAGE	5.338327	0.053383	30.000000	0.000000	0.107845	Infinity	0.000000	-1.000000	1.000000	0.065790	1.000000	0.041639	
PT_STORAGE	0.000000	0.000000	25.000000	0.000000	0.000000	0.000000	0.000000	-1.000000	1.000000	0.000000	1.000000	0.048263	
ST_STORAGE	0.000000	0.000000	25.000000	0.000000	0.000000	0.000000	0.000000	-1.000000	1.000000	0.000000	1.000000	0.048263	
TS_COLD	46395.505803	556.746070	20.000000	0.000000	1855.820232	Infinity	0.000000	-1.000000	1.000000	0.000000	1.000000	0.058246	
CAES	59433.865051	4853.709679	50.000000	0.000000	1526.371797	Infinity	0.000000	-1.000000	1.000000	0.000000	1.000000	0.028572	
ADLIBIO_TO_FUEL	0.000141	0.000002	20.000000	0.000000	0.000000	Infinity	0.000000	-1.000000	1.000000	0.000676	1.000000	0.058246	
AMMONIA_TO_H2	0.000217	0.000020	25.000000	0.000000	0.000000	Infinity	0.000000	-1.000000	1.000000	0.000174	0.854840	0.048263	
ATM_CCS	0.000000	0.000000	40.000000	0.000000	0.000000	0.000000	0.000000	-1.000000	1.000000	0.000000	1.000000	0.033427	
BIO_HYDROLYSIS	0.000616	0.000042	15.000000	0.000000	0.000000	Infinity	0.000000	-1.000000	1.000000	0.000222	0.844900	0.074944	
BIOMETHANATION	0.000134	0.000002	20.000000	0.000000	0.000000	Infinity	0.000000	-1.000000	1.000000	0.000685	0.994000	0.058246	
DHN	6276.649620	0.000000	60.000000	0.000000	7.599954	Infinity	0.000000	-1.000000	1.000000	0.000000	1.000000	0.025393	
EFFICIENCY	5517.241379	0.000000	1.000000	0.000000	0.985222	Infinity	0.000000	-1.000000	1.000000	0.000000	1.000000	1.015000	
GASIFICATION_SNG	0.001549	0.000109	25.000000	0.000000	0.000001	Infinity	0.000000	-1.000000	1.000000	0.000432	0.844900	0.048263	
GRID	74919.066258	0.000000	80.000000	0.000000	1.000000	Infinity	0.000000	-1.000000	1.000000	0.000000	1.000000	0.021548	
H2_BIOMASS	1485.175227	104.629194	25.000000	0.000000	0.534636	Infinity	0.000000	-1.000000	1.000000	0.854839	0.854840	0.048263	
H2_ELECTROLYSIS	2891.101571	79.505677	15.000000	0.000000	3.806635	Infinity	0.000000	-1.000000	1.000000	0.702824	0.894600	0.074944	
INDUSTRY_CCS	2610.457854	64.799947	40.000000	0.000000	0.999999	1.000000	0.000000	-1.000000	1.000000	0.572698	1.000000	0.033427	
REDIFUEL	0.000714	0.000019	20.000000	0.000000	0.000000	Infinity	0.000000	-1.000000	1.000000	0.000314	1.000000	0.058246	
SMR	1160.929788	107.131203	25.000000	0.000000	1.662628	Infinity	0.000000	-1.000000	1.000000	0.000653	0.854840	0.048263	
SYN_METHANATION	1364.735295	348.697650	40.000000	0.000000	4.674231	Infinity	0.000000	-1.000000	1.000000	0.551351	1.000000	0.033427	
PT_COLLECTOR	0.000000	0.000000	25.000000	0.000000	0.000000	0.000000	0.000000	-1.000000	1.000000	0.000000	1.000000	0.048263	
ST_COLLECTOR	0.000000	0.000000	25.000000	0.000000	0.000000	0.000000	0.000000	-1.000000	1.000000	0.000000	1.000000	0.048263	