TECHNOLOGIES	 c_inv	 c_maint	 lifetime	  f_min	 f	 f_max	 fmin_perc	f_perc	 fmax_perc	 c_p	 c_p_max	 tau	 gwp_constr
 UNITS	[M€/GW]	 [M€/GW/y]	 [y]	 [GW or GWh]	 [GW or GWh]	 [GW or GWh]	 [0-1]	 [0-1]	 [0-1]	 [0-1]	 [0-1]	 [-]	 [ktCO2-eq./GW or GWh]
NUCLEAR	28710.950250	609.866092	60.000000	5.925000	5.925000	5.925000	0.000000	0.621296	1.000000	0.849000	0.849000	0.025393	4194.189000
CCGT	3319.788895	84.079654	25.000000	3.925000	3.930000	3.930000	0.000000	0.253296	1.000000	0.521835	0.961540	0.048263	722.294699
CCGT_AMMONIA	0.000000	0.000000	25.000000	0.000000	0.000000	0.000000	0.000000	0.000000	1.000000	0.000000	0.630000	0.048263	0.000000
COAL_US	1240.710700	14.485878	35.000000	0.470000	0.470000	0.470000	0.000000	0.000408	1.000000	0.007024	0.868000	0.036934	155.852000
COAL_IGCC	0.000000	0.000000	35.000000	0.000000	0.000000	0.000000	0.000000	0.000000	1.000000	0.000000	0.856000	0.036934	0.000000
PV	6584.063470	75.190309	25.000000	3.845000	3.847000	3.847000	0.000000	0.056403	1.000000	0.118708	1.000000	0.048263	8007.261101
WIND_ONSHORE	1696.456096	19.731067	30.000000	1.249000	1.251000	1.251000	0.000000	0.033209	1.000000	0.214929	1.000000	0.041639	779.185357
WIND_OFFSHORE	5456.788683	37.965605	30.000000	0.711000	0.713000	0.713000	0.000000	0.029551	1.000000	0.335572	1.000000	0.041639	444.092053
HYDRO_RIVER	585.210752	5.851597	40.000000	0.114000	0.116000	0.116000	0.000000	0.005837	1.000000	0.407393	1.000000	0.033427	146.487128
GEOTHERMAL	0.000000	0.000000	30.000000	0.000000	0.000000	0.000000	0.000000	0.000000	1.000000	0.000000	0.950000	0.041639	0.000000
IND_COGEN_GAS	1260.682501	81.035209	25.000000	0.823000	0.825000	0.825000	0.000000	0.097129	1.000000	0.850000	0.850000	0.048263	845.064001
IND_COGEN_WOOD	0.000000	0.000000	25.000000	0.000000	0.000000	0.000000	0.000000	0.000000	1.000000	0.000000	0.850000	0.048263	0.000000
IND_COGEN_WASTE	1753.047238	64.626519	25.000000	0.535000	0.537000	0.537000	0.000000	0.000332	1.000000	0.004465	0.850000	0.048263	347.879340
IND_BOILER_GAS	216.956900	4.346699	17.000000	3.068000	3.070000	3.070000	0.000000	0.403961	1.000000	0.950000	0.950000	0.067080	37.822400
IND_BOILER_WOOD	0.000000	0.000000	17.000000	0.000000	0.000000	0.000000	0.000000	0.000000	1.000000	0.000000	0.900000	0.067080	0.000000
IND_BOILER_OIL	113.227600	2.435284	17.000000	1.713000	1.720000	1.720000	0.000000	0.226324	1.000000	0.950000	0.950000	0.067080	21.190400
IND_BOILER_COAL	375.958400	7.518906	17.000000	2.714000	2.720000	2.720000	0.000000	0.272253	1.000000	0.722647	0.900000	0.067080	131.049600
IND_BOILER_WASTE	0.000000	0.000000	17.000000	0.000000	0.000000	0.000000	0.000000	0.000000	1.000000	0.000000	0.900000	0.067080	0.000000
IND_DIRECT_ELEC	0.000000	0.000000	15.000000	0.000000	0.000000	0.000000	0.000000	0.000000	1.000000	0.000000	0.950000	0.074944	0.000000
DHN_HP_ELEC	18.467245	0.626206	25.000000	0.042000	0.044000	0.044000	0.000000	0.052706	1.000000	0.335966	0.950000	0.048263	7.690762
DHN_COGEN_GAS	473.788094	13.852574	25.000000	0.346000	0.348000	0.348000	0.000000	0.760970	1.000000	0.613308	0.850000	0.048263	170.826245
DHN_COGEN_WOOD	69.204058	2.533735	25.000000	0.057000	0.059000	0.059000	0.000000	0.078829	1.000000	0.374733	0.850000	0.048263	9.754471
DHN_COGEN_WASTE	208.929282	7.702230	25.000000	0.062000	0.064000	0.064000	0.000000	0.000313	1.000000	0.001371	0.850000	0.048263	41.460480
DHN_COGEN_WET_BIOMASS	0.000000	0.000000	25.000000	0.000000	0.000000	0.000000	0.000000	0.000000	1.000000	0.000000	0.750000	0.048263	0.000000
DHN_COGEN_BIO_HYDROLYSIS	0.000000	0.000000	15.000000	0.000000	0.000000	0.000000	0.000000	0.000000	1.000000	0.000000	0.850000	0.074944	0.000000
DHN_BOILER_GAS	21.766364	0.436086	17.000000	0.308000	0.308000	0.310000	0.000000	0.093987	1.000000	0.085587	0.950000	0.067080	3.794561
DHN_BOILER_WOOD	0.000000	0.000000	17.000000	0.000000	0.000000	0.000000	0.000000	0.000000	1.000000	0.000000	0.900000	0.067080	0.000000
DHN_BOILER_OIL	5.003080	0.107606	17.000000	0.074000	0.076000	0.076000	0.000000	0.006651	1.000000	0.024546	0.950000	0.067080	0.936320
DHN_DEEP_GEO	8.059721	0.301977	30.000000	0.003000	0.005000	0.005000	0.000000	0.006544	1.000000	0.367106	0.850000	0.041639	4.043811
DHN_SOLAR	0.000000	0.000000	30.000000	0.000000	0.000000	0.000000	0.000000	0.000000	1.000000	0.000000	1.000000	0.041639	0.000000
DEC_HP_ELEC	354.014942	14.760439	18.000000	0.589000	0.591000	0.591000	0.000000	0.013414	1.000000	0.346168	1.000000	0.063806	97.449999
DEC_THHP_GAS	0.000000	0.000000	20.000000	0.000000	0.000000	0.000000	0.000000	0.000000	1.000000	0.000000	1.000000	0.058246	0.000000
DEC_COGEN_GAS	574.565603	36.932411	20.000000	0.374000	0.376000	0.376000	0.000000	0.008534	1.000000	0.346168	1.000000	0.058246	385.144322
DEC_COGEN_OIL	0.000000	0.000000	20.000000	0.000000	0.000000	0.000000	0.000000	0.000000	1.000000	0.000000	1.000000	0.058246	0.000000
DEC_ADVCOGEN_GAS	0.000000	0.000000	20.000000	0.000000	0.000000	0.000000	0.000000	0.000000	1.000000	0.000000	1.000000	0.058246	0.000000
DEC_ADVCOGEN_H2	0.000000	0.000000	20.000000	0.000000	0.000000	0.000000	0.000000	0.000000	1.000000	0.000000	1.000000	0.058246	0.000000
DEC_BOILER_GAS	4064.477620	121.959959	17.000000	21.365000	21.365000	21.400000	0.000000	0.266064	1.000000	0.189938	1.000000	0.067080	450.587852
DEC_BOILER_WOOD	2979.974107	104.272235	17.000000	5.367000	5.370000	5.370000	0.000000	0.121880	1.000000	0.346168	1.000000	0.067080	113.253300
DEC_BOILER_OIL	4442.360001	266.451915	17.000000	25.982000	26.000000	26.000000	0.000000	0.587895	1.000000	0.344870	1.000000	0.067080	548.340000
DEC_SOLAR	401.099309	4.450259	20.000000	0.511000	0.513000	0.513000	0.000000	0.002213	1.000000	0.065799	1.000000	0.058246	113.485860
DEC_DIRECT_ELEC	0.000000	0.000000	15.000000	0.000000	0.000000	0.000000	0.000000	0.000000	1.000000	0.000000	1.000000	0.074944	0.000000
TRAMWAY_TROLLEY	1830.280099	36.605602	30.000000	0.471000	2.928448	Infinity	0.000000	0.300000	0.300000	0.342470	0.342470	0.041639	0.000000
BUS_COACH_DIESEL	3232.140322	174.013890	15.000000	5.695000	5.695000	Infinity	0.000000	0.285876	1.000000	0.167812	0.296800	0.074944	0.000000
BUS_COACH_HYDIESEL	0.000000	0.000000	15.000000	0.000000	0.000000	0.000000	0.000000	0.000000	1.000000	0.000000	0.296800	0.074944	0.000000
BUS_COACH_CNG_STOICH	699.367900	36.972222	15.000000	1.210000	1.210000	1.210000	0.000000	0.000000	1.000000	0.000000	0.296800	0.074944	0.000000
BUS_COACH_FC_HYBRIDH2	0.000000	0.000000	15.000000	0.000000	0.000000	0.000000	0.000000	0.000000	1.000000	0.000000	0.296800	0.074944	0.000000
BUS_COACH_ELECTRIC	0.000000	0.000000	15.000000	0.000000	0.000000	0.000000	0.000000	0.000000	1.000000	0.000000	0.296800	0.074944	0.000000
TRAIN_PUB	7579.800917	273.557469	40.000000	5.033000	5.033001	Infinity	0.000000	0.414124	0.500000	0.275070	0.275070	0.033427	0.000000
CAR_GASOLINE	38634.654250	2375.568001	10.000000	98.982000	98.982000	99.000000	0.000000	0.193795	1.000000	0.026345	0.051370	0.108434	0.000000
CAR_DIESEL	71942.097936	4279.296001	10.000000	178.304000	178.304000	Infinity	0.000000	0.680695	1.000000	0.051370	0.051370	0.108434	0.000000
CAR_NG	40196.590211	2375.568001	10.000000	98.982000	98.982000	99.000000	0.000000	0.125510	1.000000	0.017062	0.051370	0.108434	0.000000
CAR_METHANOL	0.000000	0.000000	10.000000	0.000000	0.000000	0.000000	0.000000	0.000000	1.000000	0.000000	0.051370	0.108434	0.000000
CAR_HEV	0.000000	0.000000	10.000000	0.000000	0.000000	0.000000	0.000000	0.000000	1.000000	0.000000	0.051370	0.108434	0.000000
CAR_PHEV	0.000000	0.000000	10.000000	0.000000	0.000000	0.000000	0.000000	0.000000	1.000000	0.000000	0.051370	0.108434	0.000000
CAR_BEV	0.000000	0.000000	10.000000	0.000000	0.000000	0.000000	0.000000	0.000000	1.000000	0.000000	0.051370	0.108434	0.000000
CAR_FUEL_CELL	0.000000	0.000000	10.000000	0.000000	0.000000	0.000000	0.000000	0.000000	1.000000	0.000000	0.051370	0.108434	0.000000
TRAIN_FREIGHT	266.309682	5.325968	40.000000	2.408000	2.550370	Infinity	0.000000	1.000000	1.000000	0.342470	0.342470	0.033427	0.000000
BOAT_FREIGHT_DIESEL	776.785473	41.822511	40.000000	10.342000	10.949894	Infinity	0.000000	1.000000	1.000000	0.114160	0.114160	0.033427	0.000000
BOAT_FREIGHT_NG	0.000000	0.000000	40.000000	0.000000	0.000000	0.000000	0.000000	0.000000	1.000000	0.000000	0.114160	0.033427	0.000000
BOAT_FREIGHT_METHANOL	0.000000	0.000000	40.000000	0.000000	0.000000	0.000000	0.000000	0.000000	1.000000	0.000000	0.114160	0.033427	0.000000
TRUCK_DIESEL	20826.020440	1121.248743	15.000000	56.898000	60.426579	Infinity	0.000000	0.949960	1.000000	0.092590	0.092590	0.074944	0.000000
TRUCK_METHANOL	0.000000	0.000000	15.000000	0.000000	0.000000	0.000000	0.000000	0.000000	1.000000	0.000000	0.092590	0.074944	0.000000
TRUCK_FUEL_CELL	0.000000	0.000000	15.000000	0.000000	0.000000	0.000000	0.000000	0.000000	1.000000	0.000000	0.092590	0.074944	0.000000
TRUCK_ELEC	0.000000	0.000000	15.000000	0.000000	0.000000	0.000000	0.000000	0.000000	1.000000	0.000000	0.092590	0.074944	0.000000
TRUCK_NG	1117.201189	59.062334	15.000000	3.183000	3.183000	3.190000	0.000000	0.050040	1.000000	0.092590	0.092590	0.074944	0.000000
HABER_BOSCH	1152.995500	22.542541	20.000000	1.130000	1.130000	1.130000	0.000000	1.000000	1.000000	0.311467	1.000000	0.058246	0.000000
SYN_METHANOLATION	0.000000	0.000000	20.000000	0.000000	0.000000	0.000000	0.000000	0.000000	1.000000	0.000000	0.950000	0.058246	0.000000
METHANE_TO_METHANOL	0.000000	0.000000	25.000000	0.000000	0.000000	0.000000	0.000000	0.000000	1.000000	0.000000	0.850000	0.048263	0.000000
BIOMASS_TO_METHANOL	0.000000	0.000000	20.000000	0.000000	0.000000	0.000000	0.000000	0.000000	1.000000	0.000000	1.000000	0.058246	0.000000
ADLIBIO_TO_HVC	0.000000	0.000000	25.000000	0.000000	0.000000	0.000000	0.000000	0.000000	1.000000	0.000000	1.000000	0.048263	0.000000
OIL_TO_HVC	2182.678087	11.604118	15.000000	4.587000	4.587000	4.590000	0.000000	1.000000	1.000000	0.990538	1.000000	0.074944	0.000000
GAS_TO_HVC	0.000000	0.000000	25.000000	0.000000	0.000000	0.000000	0.000000	0.000000	1.000000	0.000000	1.000000	0.048263	0.000000
METHANOL_TO_HVC	0.000000	0.000000	20.000000	0.000000	0.000000	0.000000	0.000000	0.000000	1.000000	0.000000	1.000000	0.058246	0.000000
PHS	346.978826	0.000000	50.000000	5.900000	5.901000	5.901000	0.000000	-1.000000	1.000000	0.018207	1.000000	0.028572	
BATT_LI	0.000000	0.000000	15.000000	0.000000	0.000000	0.000000	0.000000	-1.000000	1.000000	0.000000	1.000000	0.074944	
BEV_BATT	0.000000	0.000000	1.000000	0.000000	0.000000	0.000000	0.000000	-1.000000	1.000000	0.000000	1.000000	1.015000	
PHEV_BATT	0.000000	0.000000	1.000000	0.000000	0.000000	0.000000	0.000000	-1.000000	1.000000	0.000000	1.000000	1.015000	
TS_DEC_DIRECT_ELEC	0.000000	0.000000	20.000000	0.000000	0.000000	0.000000	0.000000	-1.000000	1.000000	0.000000	1.000000	0.058246	
TS_DEC_HP_ELEC	0.000000	0.000000	20.000000	0.000000	0.000000	0.000000	0.000000	-1.000000	1.000000	0.000000	1.000000	0.058246	
TS_DEC_THHP_GAS	0.000000	0.000000	20.000000	0.000000	0.000000	0.000000	0.000000	-1.000000	1.000000	0.000000	1.000000	0.058246	
TS_DEC_COGEN_GAS	0.000000	0.000000	20.000000	0.000000	0.000000	0.000000	0.000000	-1.000000	1.000000	0.000000	1.000000	0.058246	
TS_DEC_COGEN_OIL	0.000000	0.000000	20.000000	0.000000	0.000000	0.000000	0.000000	-1.000000	1.000000	0.000000	1.000000	0.058246	
TS_DEC_ADVCOGEN_GAS	0.000000	0.000000	20.000000	0.000000	0.000000	0.000000	0.000000	-1.000000	1.000000	0.000000	1.000000	0.058246	
TS_DEC_ADVCOGEN_H2	0.000000	0.000000	20.000000	0.000000	0.000000	0.000000	0.000000	-1.000000	1.000000	0.000000	1.000000	0.058246	
TS_DEC_BOILER_GAS	0.000000	0.000000	20.000000	0.000000	0.000000	0.000000	0.000000	-1.000000	1.000000	0.000000	1.000000	0.058246	
TS_DEC_BOILER_WOOD	0.000000	0.000000	20.000000	0.000000	0.000000	0.000000	0.000000	-1.000000	1.000000	0.000000	1.000000	0.058246	
TS_DEC_BOILER_OIL	0.000000	0.000000	20.000000	0.000000	0.000000	0.000000	0.000000	-1.000000	1.000000	0.000000	1.000000	0.058246	
TS_DHN_DAILY	0.000000	0.000000	40.000000	0.000000	0.000000	0.000000	0.000000	-1.000000	1.000000	0.000000	1.000000	0.033427	
TS_DHN_SEASONAL	0.000000	0.000000	25.000000	0.000000	0.000000	0.000000	0.000000	-1.000000	1.000000	0.000000	1.000000	0.048263	
TS_HIGH_TEMP	0.000000	0.000000	25.000000	0.000000	0.000000	0.000000	0.000000	-1.000000	1.000000	0.000000	1.000000	0.048263	
GAS_STORAGE	0.000000	0.000000	50.000000	0.000000	0.000000	0.000000	0.000000	-1.000000	1.000000	0.000000	1.000000	0.028572	
H2_STORAGE	0.000000	0.000000	20.000000	0.000000	0.000000	0.000000	0.000000	-1.000000	1.000000	0.000000	1.000000	0.058246	
DIESEL_STORAGE	0.000000	0.000000	20.000000	0.000000	0.000000	0.000000	0.000000	-1.000000	1.000000	0.000000	1.000000	0.058246	
GASOLINE_STORAGE	0.000000	0.000000	20.000000	0.000000	0.000000	0.000000	0.000000	-1.000000	1.000000	0.000000	1.000000	0.058246	
LFO_STORAGE	0.000000	0.000000	20.000000	0.000000	0.000000	0.000000	0.000000	-1.000000	1.000000	0.000000	1.000000	0.058246	
AMMONIA_STORAGE	0.000000	0.000000	20.000000	0.000000	0.000000	0.000000	0.000000	-1.000000	1.000000	0.000000	1.000000	0.058246	
METHANOL_STORAGE	0.000000	0.000000	20.000000	0.000000	0.000000	0.000000	0.000000	-1.000000	1.000000	0.000000	1.000000	0.058246	
CO2_STORAGE	0.000000	0.000000	30.000000	0.000000	0.000000	0.000000	0.000000	-1.000000	1.000000	0.000000	1.000000	0.041639	
ADLIBIO_TO_FUEL	0.000000	0.000000	25.000000	0.000000	0.000000	0.000000	0.000000	-1.000000	1.000000	0.000000	1.000000	0.048263	
AMMONIA_TO_H2	0.000000	0.000000	25.000000	0.000000	0.000000	0.000000	0.000000	-1.000000	1.000000	0.000000	0.860000	0.048263	
ATM_CCS	0.000000	0.000000	40.000000	0.000000	0.000000	0.000000	0.000000	-1.000000	1.000000	0.000000	1.000000	0.033427	
BIO_HYDROLYSIS	0.000000	0.000000	15.000000	0.000000	0.000000	0.000000	0.000000	-1.000000	1.000000	0.000000	0.850000	0.074944	
BIOMETHANATION	428.813846	5.940091	20.000000	0.359000	0.361000	0.361000	0.000000	-1.000000	1.000000	0.850000	0.850000	0.058246	
DHN	871.689546	0.000000	60.000000	0.000000	1.055468	100.000000	0.000000	-1.000000	1.000000	0.000000	1.000000	0.025393	
EFFICIENCY	5517.241379	0.000000	1.000000	0.000000	0.985222	100.000000	0.000000	-1.000000	1.000000	0.000000	1.000000	1.015000	
GASIFICATION_SNG	0.000000	0.000000	25.000000	0.000000	0.000000	0.000000	0.000000	-1.000000	1.000000	0.000000	0.850000	0.048263	
GRID	74921.266787	0.000000	80.000000	0.000000	1.000029	100.000000	0.000000	-1.000000	1.000000	0.000000	1.000000	0.021548	
H2_BIOMASS	0.000000	0.000000	25.000000	0.000000	0.000000	0.000000	0.000000	-1.000000	1.000000	0.000000	0.860000	0.048263	
H2_ELECTROLYSIS	0.000000	0.000000	15.000000	0.000000	0.000000	0.000000	0.000000	-1.000000	1.000000	0.000000	0.900000	0.074944	
INDUSTRY_CCS	0.000000	0.000000	40.000000	0.000000	0.000000	0.000000	0.000000	-1.000000	1.000000	0.000000	1.000000	0.033427	
REDIFUEL	0.000000	0.000000	25.000000	0.000000	0.000000	0.000000	0.000000	-1.000000	1.000000	0.000000	1.000000	0.048263	
SMR	1218.694966	112.461866	25.000000	1.485000	1.485000	1.490000	0.000000	-1.000000	1.000000	0.267820	0.860000	0.048263	
SYN_METHANATION	0.000000	0.000000	40.000000	0.000000	0.000000	0.000000	0.000000	-1.000000	1.000000	0.000000	1.000000	0.033427	