TECHNOLOGIES	 c_inv	 c_maint	 lifetime	  f_min	 f	 f_max	 fmin_perc	f_perc	 fmax_perc	 c_p	 c_p_max	 tau	 gwp_constr
 UNITS	[M€/GW]	 [M€/GW/y]	 [y]	 [GW or GWh]	 [GW or GWh]	 [GW or GWh]	 [0-1]	 [0-1]	 [0-1]	 [0-1]	 [0-1]	 [-]	 [ktCO2-eq./GW or GWh]
NUCLEAR	0.000000	0.000000	60.000000	0.000000	0.000000	0.000000	0.000000	0.000000	1.000000	0.000000	0.849000	0.025393	0.000000
CCGT	0.000002	0.000000	25.000000	0.000000	0.000000	Infinity	0.000000	0.000000	1.000000	0.000002	0.961540	0.048263	0.000000
CCGT_AMMONIA	31946.816859	809.113436	25.000000	0.000000	42.546402	Infinity	0.000000	1.000000	1.000000	0.630000	0.630000	0.048263	7819.603221
COAL_US	0.000000	0.000000	35.000000	0.000000	0.000000	0.000000	0.000000	0.000000	1.000000	0.000000	0.868000	0.036934	0.000000
COAL_IGCC	0.000000	0.000000	35.000000	0.000000	0.000000	0.000000	0.000000	0.000000	1.000000	0.000000	0.856000	0.036934	0.000000
PV	0.000001	0.000000	25.000000	0.000000	0.000000	59.200000	0.000000	0.000000	1.000000	0.000001	1.000000	0.048263	0.000003
WIND_ONSHORE	0.000001	0.000000	30.000000	0.000000	0.000000	10.000000	0.000000	0.000000	1.000000	0.000002	1.000000	0.041639	0.000001
WIND_OFFSHORE	0.000014	0.000000	30.000000	0.000000	0.000000	6.000000	0.000000	0.000000	1.000000	0.000008	1.000000	0.041639	0.000002
HYDRO_RIVER	0.000007	0.000000	40.000000	0.000000	0.000000	0.115000	0.000000	0.000000	1.000000	0.000005	1.000000	0.033427	0.000002
GEOTHERMAL	0.000000	0.000000	30.000000	0.000000	0.000000	0.000000	0.000000	0.000000	1.000000	0.000000	0.950000	0.041639	0.000000
IND_COGEN_GAS	0.000003	0.000000	25.000000	0.000000	0.000000	Infinity	0.000000	0.000000	1.000000	0.000002	0.850000	0.048263	0.000002
IND_COGEN_WOOD	0.000002	0.000000	25.000000	0.000000	0.000000	Infinity	0.000000	0.000000	1.000000	0.000000	0.850000	0.048263	0.000000
IND_COGEN_WASTE	0.000002	0.000000	25.000000	0.000000	0.000000	Infinity	0.000000	0.000000	1.000000	0.000001	0.850000	0.048263	0.000001
IND_BOILER_GAS	0.000004	0.000000	17.000000	0.000000	0.000000	Infinity	0.000000	0.000000	1.000000	0.000009	0.950000	0.067080	0.000001
IND_BOILER_WOOD	0.000000	0.000000	17.000000	0.000000	0.000000	Infinity	0.000000	0.000000	1.000000	0.000000	0.900000	0.067080	0.000000
IND_BOILER_OIL	0.000003	0.000000	17.000000	0.000000	0.000000	Infinity	0.000000	0.000000	1.000000	0.000006	0.950000	0.067080	0.000001
IND_BOILER_COAL	0.000000	0.000000	17.000000	0.000000	0.000000	Infinity	0.000000	0.000000	1.000000	0.000000	0.900000	0.067080	0.000000
IND_BOILER_WASTE	0.000000	0.000000	17.000000	0.000000	0.000000	Infinity	0.000000	0.000000	1.000000	0.000003	0.900000	0.067080	0.000000
IND_DIRECT_ELEC	2829.612748	12.836279	15.000000	0.000000	8.514211	Infinity	0.000000	1.000000	1.000000	0.950000	0.950000	0.074944	12.515890
DHN_HP_ELEC	2954.078959	100.169845	25.000000	0.000000	9.295988	Infinity	0.000000	0.997676	1.000000	0.547459	0.950000	0.048263	1624.845683
DHN_COGEN_GAS	0.000003	0.000000	25.000000	0.000000	0.000000	Infinity	0.000000	0.000000	1.000000	0.000003	0.850000	0.048263	0.000001
DHN_COGEN_WOOD	0.000003	0.000000	25.000000	0.000000	0.000000	Infinity	0.000000	0.000000	1.000000	0.000000	0.850000	0.048263	0.000001
DHN_COGEN_WASTE	0.000002	0.000000	25.000000	0.000000	0.000000	Infinity	0.000000	0.000000	1.000000	0.000001	0.850000	0.048263	0.000001
DHN_COGEN_WET_BIOMASS	0.000000	0.000000	25.000000	0.000000	0.000000	Infinity	0.000000	0.000000	1.000000	0.000000	0.750000	0.048263	0.000000
DHN_COGEN_BIO_HYDROLYSIS	0.000001	0.000000	15.000000	0.000000	0.000000	Infinity	0.000000	0.000000	1.000000	0.000000	0.850000	0.074944	0.000000
DHN_BOILER_GAS	56.570241	1.133412	17.000000	0.000000	0.960609	Infinity	0.000000	0.002324	1.000000	0.012341	0.950000	0.067080	11.834698
DHN_BOILER_WOOD	0.000000	0.000000	17.000000	0.000000	0.000000	Infinity	0.000000	0.000000	1.000000	0.000000	0.900000	0.067080	0.000000
DHN_BOILER_OIL	0.000072	0.000002	17.000000	0.000000	0.000001	Infinity	0.000000	0.000000	1.000000	0.000013	0.950000	0.067080	0.000016
DHN_DEEP_GEO	0.000000	0.000000	30.000000	0.000000	0.000000	0.000000	0.000000	0.000000	1.000000	0.000000	0.850000	0.041639	0.000000
DHN_SOLAR	0.000000	0.000000	30.000000	0.000000	0.000000	Infinity	0.000000	0.000000	1.000000	0.000000	1.000000	0.041639	0.000000
DEC_HP_ELEC	9642.841336	402.057560	18.000000	0.000000	21.261750	Infinity	0.000000	1.000000	1.000000	0.388261	1.000000	0.063806	3505.849906
DEC_THHP_GAS	0.000001	0.000000	20.000000	0.000000	0.000000	Infinity	0.000000	0.000000	1.000000	0.000007	1.000000	0.058246	0.000001
DEC_COGEN_GAS	0.000003	0.000000	20.000000	0.000000	0.000000	Infinity	0.000000	0.000000	1.000000	0.000003	1.000000	0.058246	0.000002
DEC_COGEN_OIL	0.000003	0.000000	20.000000	0.000000	0.000000	Infinity	0.000000	0.000000	1.000000	0.000003	1.000000	0.058246	0.000002
DEC_ADVCOGEN_GAS	0.000002	0.000000	20.000000	0.000000	0.000000	Infinity	0.000000	0.000000	1.000000	0.000001	1.000000	0.058246	0.000001
DEC_ADVCOGEN_H2	0.000003	0.000000	20.000000	0.000000	0.000000	Infinity	0.000000	0.000000	1.000000	0.000001	1.000000	0.058246	0.000001
DEC_BOILER_GAS	0.000003	0.000000	17.000000	0.000000	0.000000	Infinity	0.000000	0.000000	1.000000	0.000006	1.000000	0.067080	0.000000
DEC_BOILER_WOOD	0.000000	0.000000	17.000000	0.000000	0.000000	Infinity	0.000000	0.000000	1.000000	0.000000	1.000000	0.067080	0.000000
DEC_BOILER_OIL	0.000003	0.000000	17.000000	0.000000	0.000000	Infinity	0.000000	0.000000	1.000000	0.000005	1.000000	0.067080	0.000000
DEC_SOLAR	0.000001	0.000000	20.000000	0.000000	0.000000	Infinity	0.000000	0.000000	1.000000	0.000001	1.000000	0.058246	0.000000
DEC_DIRECT_ELEC	0.000020	0.000000	15.000000	0.000000	0.000001	Infinity	0.000000	0.000000	1.000000	0.000078	1.000000	0.074944	0.000001
TRAMWAY_TROLLEY	4977.081409	99.541628	30.000000	0.000000	7.963330	Infinity	0.000000	0.300000	0.300000	0.342470	0.342470	0.041639	0.000000
BUS_COACH_DIESEL	0.000001	0.000000	15.000000	0.000000	0.000000	Infinity	0.000000	0.000000	1.000000	0.000004	0.296800	0.074944	0.000000
BUS_COACH_HYDIESEL	5274.917670	204.192792	15.000000	0.000000	6.125790	Infinity	0.000000	0.200000	1.000000	0.296800	0.296800	0.074944	0.000000
BUS_COACH_CNG_STOICH	0.000001	0.000000	15.000000	0.000000	0.000000	Infinity	0.000000	0.000000	1.000000	0.000003	0.296800	0.074944	0.000000
BUS_COACH_FC_HYBRIDH2	0.000055	0.000002	15.000000	0.000000	0.000000	Infinity	0.000000	0.000000	1.000000	0.000207	0.296800	0.074944	0.000000
BUS_COACH_ELECTRIC	0.000037	0.000002	15.000000	0.000000	0.000000	Infinity	0.000000	0.000000	1.000000	0.000155	0.296800	0.074944	0.000000
TRAIN_PUB	24885.909784	898.139725	40.000000	0.000000	16.524289	Infinity	0.000000	0.500000	0.500000	0.275070	0.275070	0.033427	0.000000
CAR_GASOLINE	0.000000	0.000000	10.000000	0.000000	0.000000	Infinity	0.000000	0.000000	1.000000	0.000000	0.051370	0.108434	0.000000
CAR_DIESEL	0.000149	0.000008	10.000000	0.000000	0.000000	Infinity	0.000000	0.000000	1.000000	0.000171	0.051370	0.108434	0.000000
CAR_NG	56434.106428	3069.712511	10.000000	0.000000	127.904688	Infinity	0.000000	0.722770	1.000000	0.051370	0.051370	0.108434	0.000000
CAR_METHANOL	21322.916724	1177.438284	10.000000	0.000000	49.059928	Infinity	0.000000	0.277230	1.000000	0.051370	0.051370	0.108434	0.000000
CAR_HEV	0.000000	0.000000	10.000000	0.000000	0.000000	Infinity	0.000000	0.000000	1.000000	0.000000	0.051370	0.108434	0.000000
CAR_PHEV	0.000024	0.000002	10.000000	0.000000	0.000000	Infinity	0.000000	0.000000	1.000000	0.000016	0.051370	0.108434	0.000000
CAR_BEV	0.000058	0.000001	10.000000	0.000000	0.000000	Infinity	0.000000	0.000000	1.000000	0.000072	0.051370	0.108434	0.000000
CAR_FUEL_CELL	0.000000	0.000000	10.000000	0.000000	0.000000	Infinity	0.000000	0.000000	1.000000	0.000000	0.051370	0.108434	0.000000
TRAIN_FREIGHT	807.210505	16.143514	40.000000	0.000000	7.730420	Infinity	0.000000	1.000000	1.000000	0.342470	0.342470	0.033427	0.000000
BOAT_FREIGHT_DIESEL	2198.467386	106.290054	40.000000	0.000000	27.828701	Infinity	0.000000	1.000000	1.000000	0.114160	0.114160	0.033427	0.000000
BOAT_FREIGHT_NG	0.000001	0.000000	40.000000	0.000000	0.000000	Infinity	0.000000	0.000000	1.000000	0.000012	0.114160	0.033427	0.000000
BOAT_FREIGHT_METHANOL	0.000000	0.000000	40.000000	0.000000	0.000000	Infinity	0.000000	0.000000	1.000000	0.000003	0.114160	0.033427	0.000000
TRUCK_DIESEL	0.000006	0.000000	15.000000	0.000000	0.000000	Infinity	0.000000	0.000000	1.000000	0.000014	0.092590	0.074944	0.000000
TRUCK_METHANOL	0.000000	0.000000	15.000000	0.000000	0.000000	Infinity	0.000000	0.000000	1.000000	0.000000	0.092590	0.074944	0.000000
TRUCK_FUEL_CELL	0.000001	0.000000	15.000000	0.000000	0.000000	Infinity	0.000000	0.000000	1.000000	0.000002	0.092590	0.074944	0.000000
TRUCK_ELEC	22116.664919	1190.615853	15.000000	0.000000	51.467618	Infinity	0.000000	1.000000	1.000000	0.092590	0.092590	0.074944	0.000000
TRUCK_NG	0.000000	0.000000	15.000000	0.000000	0.000000	Infinity	0.000000	0.000000	1.000000	0.000000	0.092590	0.074944	0.000000
HABER_BOSCH	0.000000	0.000000	20.000000	0.000000	0.000000	Infinity	0.000000	0.040981	1.000000	0.000000	1.000000	0.058246	0.000000
SYN_METHANOLATION	0.000000	0.000000	20.000000	0.000000	0.000000	Infinity	0.000000	0.009722	1.000000	0.000000	0.950000	0.058246	0.000000
METHANE_TO_METHANOL	0.000014	0.000001	25.000000	0.000000	0.000000	Infinity	0.000000	0.989403	1.000000	0.000047	0.850000	0.048263	0.000000
BIOMASS_TO_METHANOL	0.000000	0.000000	20.000000	0.000000	0.000000	Infinity	0.000000	0.000876	1.000000	0.000000	1.000000	0.058246	0.000000
OIL_TO_HVC	0.000000	0.000000	20.000000	0.000000	0.000000	Infinity	0.000000	0.000000	1.000000	0.000008	1.000000	0.058246	0.000000
GAS_TO_HVC	0.000000	0.000000	20.000000	0.000000	0.000000	0.000000	0.000000	0.000000	1.000000	0.000000	1.000000	0.058246	0.000000
METHANOL_TO_HVC	3155.377249	283.982485	20.000000	0.000000	4.892058	Infinity	0.000000	1.000000	1.000000	1.000000	1.000000	0.058246	0.000000
ADLIBIO_TO_FUEL	0.000000	0.000000	20.000000	0.000000	0.000000	Infinity	0.000000	0.000000	1.000000	0.000000	1.000000	0.058246	0.000000
PHS	294.000000	0.000000	50.000000	5.000000	5.000000	6.500000	0.000000	-1.000000	1.000000	0.000000	1.000000	0.028572	
BATT_LI	0.000003	0.000000	15.000000	0.000000	0.000000	Infinity	0.000000	-1.000000	1.000000	0.000001	1.000000	0.074944	
BEV_BATT	0.000000	0.000000	1.000000	0.000000	0.000000	Infinity	0.000000	-1.000000	1.000000	0.000008	1.000000	1.015000	
PHEV_BATT	0.000000	0.000000	1.000000	0.000000	0.000000	Infinity	0.000000	-1.000000	1.000000	0.000001	1.000000	1.015000	
TS_DEC_DIRECT_ELEC	0.000003	0.000000	20.000000	0.000000	0.000000	Infinity	0.000000	-1.000000	1.000000	0.000010	1.000000	0.058246	
TS_DEC_HP_ELEC	61.027230	0.427223	20.000000	0.000000	3.217039	Infinity	0.000000	-1.000000	1.000000	0.038949	1.000000	0.058246	
TS_DEC_THHP_GAS	0.000003	0.000000	20.000000	0.000000	0.000000	Infinity	0.000000	-1.000000	1.000000	0.000005	1.000000	0.058246	
TS_DEC_COGEN_GAS	0.000003	0.000000	20.000000	0.000000	0.000000	Infinity	0.000000	-1.000000	1.000000	0.000003	1.000000	0.058246	
TS_DEC_COGEN_OIL	0.000003	0.000000	20.000000	0.000000	0.000000	Infinity	0.000000	-1.000000	1.000000	0.000003	1.000000	0.058246	
TS_DEC_ADVCOGEN_GAS	0.000003	0.000000	20.000000	0.000000	0.000000	Infinity	0.000000	-1.000000	1.000000	0.000001	1.000000	0.058246	
TS_DEC_ADVCOGEN_H2	0.000002	0.000000	20.000000	0.000000	0.000000	Infinity	0.000000	-1.000000	1.000000	0.000001	1.000000	0.058246	
TS_DEC_BOILER_GAS	0.000003	0.000000	20.000000	0.000000	0.000000	Infinity	0.000000	-1.000000	1.000000	0.000004	1.000000	0.058246	
TS_DEC_BOILER_WOOD	0.000002	0.000000	20.000000	0.000000	0.000000	Infinity	0.000000	-1.000000	1.000000	0.000000	1.000000	0.058246	
TS_DEC_BOILER_OIL	0.000003	0.000000	20.000000	0.000000	0.000000	Infinity	0.000000	-1.000000	1.000000	0.000005	1.000000	0.058246	
TS_DHN_DAILY	0.000001	0.000000	40.000000	0.000000	0.000000	Infinity	0.000000	-1.000000	1.000000	0.000013	1.000000	0.033427	
TS_DHN_SEASONAL	0.000001	0.000000	25.000000	0.000000	0.000002	Infinity	0.000000	-1.000000	1.000000	0.000008	1.000000	0.048263	
TS_HIGH_TEMP	0.000005	0.000000	25.000000	0.000000	0.000000	Infinity	0.000000	-1.000000	1.000000	0.000002	1.000000	0.048263	
GAS_STORAGE	0.000000	0.000000	50.000000	0.000000	0.000005	Infinity	0.000000	-1.000000	1.000000	0.000001	1.000000	0.028572	
H2_STORAGE	0.000040	0.000003	20.000000	0.000000	0.000006	Infinity	0.000000	-1.000000	1.000000	0.000012	1.000000	0.058246	
DIESEL_STORAGE	0.000007	0.000000	20.000000	0.000000	0.000662	Infinity	0.000000	-1.000000	1.000000	0.000113	1.000000	0.058246	
GASOLINE_STORAGE	0.000006	0.000000	20.000000	0.000000	0.000646	Infinity	0.000000	-1.000000	1.000000	0.000000	1.000000	0.058246	
LFO_STORAGE	0.000009	0.000000	20.000000	0.000000	0.000884	Infinity	0.000000	-1.000000	1.000000	0.000002	1.000000	0.058246	
AMMONIA_STORAGE	0.000000	0.000000	20.000000	0.000000	0.000001	Infinity	0.000000	-1.000000	1.000000	0.000000	1.000000	0.058246	
METHANOL_STORAGE	0.000000	0.000000	20.000000	0.000000	0.000000	Infinity	0.000000	-1.000000	1.000000	0.000000	1.000000	0.058246	
CO2_STORAGE	0.000377	0.000004	30.000000	0.000000	0.000008	Infinity	0.000000	-1.000000	1.000000	0.000000	1.000000	0.041639	
ADLIBIO_TO_HVC	0.000000	0.000000	20.000000	0.000000	0.000000	Infinity	0.000000	-1.000000	1.000000	0.000000	1.000000	0.058246	
AMMONIA_TO_H2	0.000000	0.000000	25.000000	0.000000	0.000000	Infinity	0.000000	-1.000000	1.000000	0.000003	0.860000	0.048263	
ATM_CCS	0.000012	0.000000	40.000000	0.000000	0.000000	Infinity	0.000000	-1.000000	1.000000	0.000019	1.000000	0.033427	
BIO_HYDROLYSIS	0.000000	0.000000	15.000000	0.000000	0.000000	Infinity	0.000000	-1.000000	1.000000	0.000000	0.850000	0.074944	
BIOMETHANATION	0.000000	0.000000	20.000000	0.000000	0.000000	Infinity	0.000000	-1.000000	1.000000	0.000000	0.850000	0.058246	
DHN	8470.718824	0.000000	60.000000	0.000000	10.256598	Infinity	0.000000	-1.000000	1.000000	0.000000	1.000000	0.025393	
EFFICIENCY	5517.241379	0.000000	1.000000	0.000000	0.985222	Infinity	0.000000	-1.000000	1.000000	0.000000	1.000000	1.015000	
GASIFICATION_SNG	0.000001	0.000000	25.000000	0.000000	0.000000	Infinity	0.000000	-1.000000	1.000000	0.000000	0.850000	0.048263	
GRID	74919.060002	0.000000	80.000000	0.000000	1.000000	Infinity	0.000000	-1.000000	1.000000	0.000000	1.000000	0.021548	
H2_BIOMASS	0.000002	0.000000	25.000000	0.000000	0.000000	Infinity	0.000000	-1.000000	1.000000	0.000000	0.860000	0.048263	
H2_ELECTROLYSIS	0.000001	0.000000	15.000000	0.000000	0.000000	Infinity	0.000000	-1.000000	1.000000	0.000003	0.900000	0.074944	
INDUSTRY_CCS	832148.814696	20656.676636	40.000000	0.000000	334.380287	Infinity	0.000000	-1.000000	1.000000	0.000000	1.000000	0.033427	
REDIFUEL	0.000001	0.000000	20.000000	0.000000	0.000000	Infinity	0.000000	-1.000000	1.000000	0.000000	1.000000	0.058246	
SMR	207082.766890	19109.647935	25.000000	0.000000	328.577632	Infinity	0.000000	-1.000000	1.000000	0.000000	0.860000	0.048263	
SYN_METHANATION	0.000002	0.000000	40.000000	0.000000	0.000000	Infinity	0.000000	-1.000000	1.000000	0.000103	1.000000	0.033427	