TECHNOLOGIES	 c_inv	 c_maint	 lifetime	  f_min	 f	 f_max	 fmin_perc	f_perc	 fmax_perc	 c_p	 c_p_max	 tau	 gwp_constr
 UNITS	[M€/GW]	 [M€/GW/y]	 [y]	 [GW or GWh]	 [GW or GWh]	 [GW or GWh]	 [0-1]	 [0-1]	 [0-1]	 [0-1]	 [0-1]	 [-]	 [ktCO2-eq./GW or GWh]
NUCLEAR	0.000000	0.000000	60.000000	0.000000	0.000000	0.000000	0.000000	0.000000	1.000000	0.000000	0.849000	0.025393	0.000000
CCGT	0.000107	0.000003	25.000000	0.000000	0.000000	Infinity	0.000000	0.000000	1.000000	0.000047	0.961540	0.048263	0.000026
CCGT_AMMONIA	0.000116	0.000003	25.000000	0.000000	0.000000	Infinity	0.000000	0.000000	1.000000	0.000240	0.630000	0.048263	0.000028
COAL_US	0.000000	0.000000	35.000000	0.000000	0.000000	0.000000	0.000000	0.000000	1.000000	0.000000	0.868000	0.036934	0.000000
COAL_IGCC	0.000000	0.000000	35.000000	0.000000	0.000000	0.000000	0.000000	0.000000	1.000000	0.000000	0.856000	0.036934	0.000000
PV	37809.866022	431.792280	25.000000	0.000000	59.175000	59.200000	0.000000	0.594562	1.000000	0.118563	1.000000	0.048263	123168.619506
WIND_ONSHORE	9788.199953	113.844999	30.000000	0.000000	10.000000	10.000000	0.000000	0.202590	1.000000	0.239061	1.000000	0.041639	6228.499970
WIND_OFFSHORE	27919.200000	194.247600	30.000000	0.000000	6.000000	6.000000	0.000000	0.198131	1.000000	0.389664	1.000000	0.041639	3737.100000
HYDRO_RIVER	580.165800	5.801152	40.000000	0.000000	0.115000	0.115000	0.000000	0.004717	1.000000	0.484000	1.000000	0.033427	145.224300
GEOTHERMAL	0.000000	0.000000	30.000000	0.000000	0.000000	0.000000	0.000000	0.000000	1.000000	0.000000	0.950000	0.041639	0.000000
IND_COGEN_GAS	4886.718349	314.112495	25.000000	0.000000	3.730889	Infinity	0.000000	0.214067	1.000000	0.465197	0.850000	0.048263	3821.624171
IND_COGEN_WOOD	0.000097	0.000004	25.000000	0.000000	0.000000	Infinity	0.000000	0.000000	1.000000	0.000012	0.850000	0.048263	0.000016
IND_COGEN_WASTE	0.000091	0.000003	25.000000	0.000000	0.000000	Infinity	0.000000	0.000000	1.000000	0.000012	0.850000	0.048263	0.000022
IND_BOILER_GAS	442.866969	8.873057	17.000000	0.000000	7.520241	Infinity	0.000000	0.298911	1.000000	0.322262	0.950000	0.067080	92.649364
IND_BOILER_WOOD	0.000042	0.000001	17.000000	0.000000	0.000000	Infinity	0.000000	0.000000	1.000000	0.000024	0.900000	0.067080	0.000011
IND_BOILER_OIL	0.000116	0.000002	17.000000	0.000000	0.000002	Infinity	0.000000	0.000000	1.000000	0.000115	0.950000	0.067080	0.000026
IND_BOILER_COAL	0.000000	0.000000	17.000000	0.000000	0.000000	Infinity	0.000000	0.000000	1.000000	0.000000	0.900000	0.067080	0.000000
IND_BOILER_WASTE	503.998987	10.079936	17.000000	0.000000	4.375751	Infinity	0.000000	0.205511	1.000000	0.380786	0.900000	0.067080	126.327928
IND_DIRECT_ELEC	6802.916837	30.860810	15.000000	0.000000	20.469750	Infinity	0.000000	0.281511	1.000000	0.111502	0.950000	0.074944	30.090533
DHN_HP_ELEC	1933.162504	65.551595	25.000000	0.000000	6.083336	Infinity	0.000000	0.999160	1.000000	0.459304	0.950000	0.048263	1063.306294
DHN_COGEN_GAS	0.000149	0.000004	25.000000	0.000000	0.000000	Infinity	0.000000	0.000000	1.000000	0.000076	0.850000	0.048263	0.000063
DHN_COGEN_WOOD	0.000082	0.000003	25.000000	0.000000	0.000000	Infinity	0.000000	0.000000	1.000000	0.000012	0.850000	0.048263	0.000013
DHN_COGEN_WASTE	0.000086	0.000003	25.000000	0.000000	0.000000	Infinity	0.000000	0.000000	1.000000	0.000011	0.850000	0.048263	0.000021
DHN_COGEN_WET_BIOMASS	0.000013	0.000001	25.000000	0.000000	0.000000	Infinity	0.000000	0.000000	1.000000	0.000007	0.750000	0.048263	0.000010
DHN_COGEN_BIO_HYDROLYSIS	0.000057	0.000003	15.000000	0.000000	0.000000	Infinity	0.000000	0.000000	1.000000	0.000004	0.850000	0.074944	0.000009
DHN_BOILER_GAS	30.301382	0.607103	17.000000	0.000000	0.514542	Infinity	0.000000	0.000840	1.000000	0.004566	0.950000	0.067080	6.339158
DHN_BOILER_WOOD	0.000031	0.000001	17.000000	0.000000	0.000000	Infinity	0.000000	0.000000	1.000000	0.000028	0.900000	0.067080	0.000008
DHN_BOILER_OIL	0.001358	0.000029	17.000000	0.000000	0.000025	Infinity	0.000000	0.000000	1.000000	0.001158	0.950000	0.067080	0.000305
DHN_DEEP_GEO	0.000000	0.000000	30.000000	0.000000	0.000000	0.000000	0.000000	0.000000	1.000000	0.000000	0.850000	0.041639	0.000000
DHN_SOLAR	0.000009	0.000000	30.000000	0.000000	0.000000	Infinity	0.000000	0.000000	1.000000	0.000013	1.000000	0.041639	0.000006
DEC_HP_ELEC	5482.825285	228.605997	18.000000	0.000000	12.089223	Infinity	0.000000	0.648993	1.000000	0.448816	1.000000	0.063806	1993.391973
DEC_THHP_GAS	0.000096	0.000003	20.000000	0.000000	0.000000	Infinity	0.000000	0.000000	1.000000	0.000267	1.000000	0.058246	0.000126
DEC_COGEN_GAS	0.000123	0.000008	20.000000	0.000000	0.000000	Infinity	0.000000	0.000000	1.000000	0.000066	1.000000	0.058246	0.000096
DEC_COGEN_OIL	0.000278	0.000017	20.000000	0.000000	0.000000	Infinity	0.000000	0.000000	1.000000	0.000031	1.000000	0.058246	0.000234
DEC_ADVCOGEN_GAS	0.000182	0.000003	20.000000	0.000000	0.000000	Infinity	0.000000	0.000000	1.000000	0.000029	1.000000	0.058246	0.000071
DEC_ADVCOGEN_H2	36759.472413	685.061387	20.000000	0.000000	6.503212	Infinity	0.000000	0.351007	1.000000	0.451248	1.000000	0.058246	14264.470963
DEC_BOILER_GAS	0.000179	0.000005	17.000000	0.000000	0.000001	Infinity	0.000000	0.000000	1.000000	0.000080	1.000000	0.067080	0.000024
DEC_BOILER_WOOD	0.000048	0.000002	17.000000	0.000000	0.000000	Infinity	0.000000	0.000000	1.000000	0.000022	1.000000	0.067080	0.000002
DEC_BOILER_OIL	0.000129	0.000008	17.000000	0.000000	0.000001	Infinity	0.000000	0.000000	1.000000	0.000060	1.000000	0.067080	0.000019
DEC_SOLAR	0.000095	0.000001	20.000000	0.000000	0.000000	Infinity	0.000000	0.000000	1.000000	0.000083	1.000000	0.058246	0.000031
DEC_DIRECT_ELEC	0.000281	0.000001	15.000000	0.000000	0.000007	Infinity	0.000000	0.000000	1.000000	0.000128	1.000000	0.074944	0.000011
TRAMWAY_TROLLEY	4977.081408	99.541628	30.000000	0.000000	7.963330	Infinity	0.000000	0.300000	0.300000	0.342470	0.342470	0.041639	0.000000
BUS_COACH_DIESEL	0.000006	0.000000	15.000000	0.000000	0.000000	Infinity	0.000000	0.000000	1.000000	0.000022	0.296800	0.074944	0.000000
BUS_COACH_HYDIESEL	0.000010	0.000000	15.000000	0.000000	0.000000	Infinity	0.000000	0.000000	1.000000	0.000034	0.296800	0.074944	0.000000
BUS_COACH_CNG_STOICH	0.000005	0.000000	15.000000	0.000000	0.000000	Infinity	0.000000	0.000000	1.000000	0.000018	0.296800	0.074944	0.000000
BUS_COACH_FC_HYBRIDH2	0.000147	0.000006	15.000000	0.000000	0.000000	Infinity	0.000000	0.000000	1.000000	0.000558	0.296800	0.074944	0.000000
BUS_COACH_ELECTRIC	4334.731377	191.430931	15.000000	0.000000	6.125790	Infinity	0.000000	0.200000	1.000000	0.296800	0.296800	0.074944	0.000000
TRAIN_PUB	24885.909758	898.139724	40.000000	0.000000	16.524289	Infinity	0.000000	0.500000	0.500000	0.275070	0.275070	0.033427	0.000000
CAR_GASOLINE	0.000009	0.000000	10.000000	0.000000	0.000000	Infinity	0.000000	0.000000	1.000000	0.000011	0.051370	0.108434	0.000000
CAR_DIESEL	0.000013	0.000001	10.000000	0.000000	0.000000	Infinity	0.000000	0.000000	1.000000	0.000015	0.051370	0.108434	0.000000
CAR_NG	0.000022	0.000001	10.000000	0.000000	0.000000	Infinity	0.000000	0.000000	1.000000	0.000025	0.051370	0.108434	0.000000
CAR_METHANOL	0.000012	0.000001	10.000000	0.000000	0.000000	Infinity	0.000000	0.000000	1.000000	0.000014	0.051370	0.108434	0.000000
CAR_HEV	0.000011	0.000001	10.000000	0.000000	0.000000	Infinity	0.000000	0.000000	1.000000	0.000013	0.051370	0.108434	0.000000
CAR_PHEV	0.003175	0.000234	10.000000	0.000000	0.000007	Infinity	0.000000	0.000000	1.000000	0.002215	0.051370	0.108434	0.000000
CAR_BEV	73381.915871	1769.646125	10.000000	0.000000	176.964613	Infinity	0.000000	1.000000	1.000000	0.051370	0.051370	0.108434	0.000000
CAR_FUEL_CELL	0.000008	0.000000	10.000000	0.000000	0.000000	Infinity	0.000000	0.000000	1.000000	0.000008	0.051370	0.108434	0.000000
TRAIN_FREIGHT	807.210504	16.143514	40.000000	0.000000	7.730420	Infinity	0.000000	1.000000	1.000000	0.342470	0.342470	0.033427	0.000000
BOAT_FREIGHT_DIESEL	2198.467384	106.290054	40.000000	0.000000	27.828701	Infinity	0.000000	1.000000	1.000000	0.114160	0.114160	0.033427	0.000000
BOAT_FREIGHT_NG	0.000005	0.000000	40.000000	0.000000	0.000000	Infinity	0.000000	0.000000	1.000000	0.000045	0.114160	0.033427	0.000000
BOAT_FREIGHT_METHANOL	0.000001	0.000000	40.000000	0.000000	0.000000	Infinity	0.000000	0.000000	1.000000	0.000007	0.114160	0.033427	0.000000
TRUCK_DIESEL	0.000000	0.000000	15.000000	0.000000	0.000000	Infinity	0.000000	0.000000	1.000000	0.000001	0.092590	0.074944	0.000000
TRUCK_METHANOL	0.000001	0.000000	15.000000	0.000000	0.000000	Infinity	0.000000	0.000000	1.000000	0.000001	0.092590	0.074944	0.000000
TRUCK_FUEL_CELL	24651.959803	621.044309	15.000000	0.000000	51.467618	Infinity	0.000000	1.000000	1.000000	0.092590	0.092590	0.074944	0.000000
TRUCK_ELEC	0.000014	0.000001	15.000000	0.000000	0.000000	Infinity	0.000000	0.000000	1.000000	0.000029	0.092590	0.074944	0.000000
TRUCK_NG	0.000000	0.000000	15.000000	0.000000	0.000000	Infinity	0.000000	0.000000	1.000000	0.000000	0.092590	0.074944	0.000000
HABER_BOSCH	0.000014	0.000000	20.000000	0.000000	0.000000	Infinity	0.000000	1.000000	1.000000	0.000041	1.000000	0.058246	0.000000
SYN_METHANOLATION	0.000021	0.000001	20.000000	0.000000	0.000000	Infinity	0.000000	0.000000	1.000000	0.000079	0.950000	0.058246	0.000000
METHANE_TO_METHANOL	2692.318684	117.725110	25.000000	0.000000	4.929181	Infinity	0.000000	1.000000	1.000000	0.207337	0.850000	0.048263	0.000000
BIOMASS_TO_METHANOL	0.000023	0.000000	20.000000	0.000000	0.000000	Infinity	0.000000	0.000000	1.000000	0.000010	1.000000	0.058246	0.000000
OIL_TO_HVC	0.000014	0.000000	20.000000	0.000000	0.000000	Infinity	0.000000	0.000000	1.000000	0.000056	1.000000	0.058246	0.000000
GAS_TO_HVC	0.000000	0.000000	20.000000	0.000000	0.000000	0.000000	0.000000	0.000000	1.000000	0.000000	1.000000	0.058246	0.000000
METHANOL_TO_HVC	3155.377261	283.982486	20.000000	0.000000	4.892058	Infinity	0.000000	1.000000	1.000000	1.000000	1.000000	0.058246	0.000000
ADLIBIO_TO_HVC	0.000026	0.000001	20.000000	0.000000	0.000000	Infinity	0.000000	0.000000	1.000000	0.000016	1.000000	0.058246	0.000029
PHS	294.000013	0.000000	50.000000	5.000000	5.000000	6.500000	0.000000	-1.000000	1.000000	0.011842	1.000000	0.028572	
BATT_LI	0.000437	0.000001	15.000000	0.000000	0.000003	Infinity	0.000000	-1.000000	1.000000	0.000598	1.000000	0.074944	
BEV_BATT	0.000000	0.000000	1.000000	0.000000	175.560131	Infinity	0.000000	-1.000000	1.000000	0.003578	1.000000	1.015000	
PHEV_BATT	0.000000	0.000000	1.000000	0.000000	0.000001	Infinity	0.000000	-1.000000	1.000000	0.000096	1.000000	1.015000	
TS_DEC_DIRECT_ELEC	0.000369	0.000003	20.000000	0.000000	0.000019	Infinity	0.000000	-1.000000	1.000000	0.000088	1.000000	0.058246	
TS_DEC_HP_ELEC	532.406110	3.727123	20.000000	0.000000	28.065688	Infinity	0.000000	-1.000000	1.000000	0.033356	1.000000	0.058246	
TS_DEC_THHP_GAS	0.000373	0.000003	20.000000	0.000000	0.000020	Infinity	0.000000	-1.000000	1.000000	0.000109	1.000000	0.058246	
TS_DEC_COGEN_GAS	0.000370	0.000003	20.000000	0.000000	0.000020	Infinity	0.000000	-1.000000	1.000000	0.000076	1.000000	0.058246	
TS_DEC_COGEN_OIL	0.000370	0.000003	20.000000	0.000000	0.000020	Infinity	0.000000	-1.000000	1.000000	0.000045	1.000000	0.058246	
TS_DEC_ADVCOGEN_GAS	0.000363	0.000003	20.000000	0.000000	0.000019	Infinity	0.000000	-1.000000	1.000000	0.000041	1.000000	0.058246	
TS_DEC_ADVCOGEN_H2	198.006637	1.386151	20.000000	0.000000	10.437883	Infinity	0.000000	-1.000000	1.000000	0.040845	1.000000	0.058246	
TS_DEC_BOILER_GAS	0.000369	0.000003	20.000000	0.000000	0.000019	Infinity	0.000000	-1.000000	1.000000	0.000083	1.000000	0.058246	
TS_DEC_BOILER_WOOD	0.000367	0.000003	20.000000	0.000000	0.000019	Infinity	0.000000	-1.000000	1.000000	0.000046	1.000000	0.058246	
TS_DEC_BOILER_OIL	0.000366	0.000003	20.000000	0.000000	0.000019	Infinity	0.000000	-1.000000	1.000000	0.000065	1.000000	0.058246	
TS_DHN_DAILY	221.172496	0.634028	40.000000	0.000000	73.724165	Infinity	0.000000	-1.000000	1.000000	0.005903	1.000000	0.033427	
TS_DHN_SEASONAL	0.000810	0.000004	25.000000	0.000000	0.001558	Infinity	0.000000	-1.000000	1.000000	0.002819	1.000000	0.048263	
TS_HIGH_TEMP	2378.542462	25.457108	25.000000	0.000000	84.857027	Infinity	0.000000	-1.000000	1.000000	0.018908	1.000000	0.048263	
GAS_STORAGE	0.000027	0.000001	50.000000	0.000000	0.000550	Infinity	0.000000	-1.000000	1.000000	0.000152	1.000000	0.028572	
H2_STORAGE	0.002660	0.000168	20.000000	0.000000	0.000430	Infinity	0.000000	-1.000000	1.000000	0.000016	1.000000	0.058246	
DIESEL_STORAGE	0.000876	0.000035	20.000000	0.000000	0.087598	Infinity	0.000000	-1.000000	1.000000	0.000022	1.000000	0.058246	
GASOLINE_STORAGE	0.000857	0.000034	20.000000	0.000000	0.085674	Infinity	0.000000	-1.000000	1.000000	0.000000	1.000000	0.058246	
LFO_STORAGE	0.001113	0.000045	20.000000	0.000000	0.111295	Infinity	0.000000	-1.000000	1.000000	0.000001	1.000000	0.058246	
AMMONIA_STORAGE	0.000001	0.000000	20.000000	0.000000	0.000087	Infinity	0.000000	-1.000000	1.000000	0.000091	1.000000	0.058246	
METHANOL_STORAGE	0.000000	0.000000	20.000000	0.000000	0.000001	Infinity	0.000000	-1.000000	1.000000	0.000001	1.000000	0.058246	
CO2_STORAGE	45.431295	0.454313	30.000000	0.000000	0.917804	Infinity	0.000000	-1.000000	1.000000	0.016322	1.000000	0.041639	
ADLIBIO_TO_FUEL	0.000019	0.000000	20.000000	0.000000	0.000000	Infinity	0.000000	-1.000000	1.000000	0.000021	1.000000	0.058246	
AMMONIA_TO_H2	0.000036	0.000003	25.000000	0.000000	0.000000	Infinity	0.000000	-1.000000	1.000000	0.000054	0.860000	0.048263	
ATM_CCS	8073.707518	200.415632	40.000000	0.000000	1.622116	Infinity	0.000000	-1.000000	1.000000	0.980445	1.000000	0.033427	
BIO_HYDROLYSIS	0.000047	0.000003	15.000000	0.000000	0.000000	Infinity	0.000000	-1.000000	1.000000	0.000017	0.850000	0.074944	
BIOMETHANATION	0.000016	0.000000	20.000000	0.000000	0.000000	Infinity	0.000000	-1.000000	1.000000	0.000016	0.850000	0.058246	
DHN	7429.106789	0.000000	60.000000	0.000000	8.995383	Infinity	0.000000	-1.000000	1.000000	0.000000	1.000000	0.025393	
EFFICIENCY	5517.241379	0.000000	1.000000	0.000000	0.985222	Infinity	0.000000	-1.000000	1.000000	0.000000	1.000000	1.015000	
GASIFICATION_SNG	0.000072	0.000005	25.000000	0.000000	0.000000	Infinity	0.000000	-1.000000	1.000000	0.000016	0.850000	0.048263	
GRID	102568.424851	0.000000	80.000000	0.000000	1.369056	Infinity	0.000000	-1.000000	1.000000	0.000000	1.000000	0.021548	
H2_BIOMASS	0.000103	0.000007	25.000000	0.000000	0.000000	Infinity	0.000000	-1.000000	1.000000	0.000012	0.860000	0.048263	
H2_ELECTROLYSIS	129.559524	3.562893	15.000000	0.000000	0.255880	Infinity	0.000000	-1.000000	1.000000	0.089649	0.900000	0.074944	
INDUSTRY_CCS	0.000231	0.000006	40.000000	0.000000	0.000000	Infinity	0.000000	-1.000000	1.000000	0.000016	1.000000	0.033427	
REDIFUEL	0.000063	0.000002	20.000000	0.000000	0.000000	Infinity	0.000000	-1.000000	1.000000	0.000005	1.000000	0.058246	
SMR	0.000087	0.000008	25.000000	0.000000	0.000000	Infinity	0.000000	-1.000000	1.000000	0.000037	0.860000	0.048263	
SYN_METHANATION	1402.157013	358.253226	40.000000	0.000000	8.110580	Infinity	0.000000	-1.000000	1.000000	0.980445	1.000000	0.033427	