Name	Crit_1_tech	Crit_1_res	Crit_1_op
PT_POWER_BLOCK	0.000000	0.000000	0.000000
ST_POWER_BLOCK	0.000000	0.000000	0.000000
HYDRO_DAM	0.000000	0.000000	0.000000
TIDAL	0.000000	0.000000	0.000000
WAVE	0.000000	0.000000	0.000000
NUCLEAR	0.000000	0.000000	0.000000
CCGT	0.000000	0.000000	0.000000
CCGT_AMMONIA	0.000000	0.000000	0.000000
COAL_US	0.000000	0.000000	0.000000
COAL_IGCC	0.000000	0.000000	0.000000
PV	1.306498	0.000000	0.000000
WIND_ONSHORE	23.895983	0.000000	0.294330
WIND_OFFSHORE	0.000000	0.000000	0.000000
HYDRO_RIVER	0.000005	0.000000	0.000000
GEOTHERMAL	0.000001	0.000000	0.000000
IND_COGEN_GAS	0.000000	0.000000	0.000000
IND_COGEN_WOOD	0.000000	0.000000	0.000002
IND_COGEN_WASTE	0.000000	0.000000	0.000000
IND_BOILER_GAS	0.000000	0.000000	0.000000
IND_BOILER_WOOD	0.263051	0.000000	6.308037
IND_BOILER_OIL	0.000000	0.000000	0.000001
IND_BOILER_COAL	0.448097	0.000000	101.218726
IND_BOILER_WASTE	0.072558	0.000000	0.363545
IND_DIRECT_ELEC	0.009843	0.000000	0.000000
DHN_HP_ELEC	0.816566	0.000000	0.028578
DHN_COGEN_GAS	0.000000	0.000000	0.000000
DHN_COGEN_WOOD	0.000000	0.000000	0.000001
DHN_COGEN_WASTE	0.000000	0.000000	0.000000
DHN_COGEN_WET_BIOMASS	0.000001	0.000000	0.000000
DHN_COGEN_BIO_HYDROLYSIS	0.000000	0.000000	0.000001
DHN_BOILER_GAS	0.000000	0.000000	0.000000
DHN_BOILER_WOOD	0.000000	0.000000	0.000001
DHN_BOILER_OIL	0.000000	0.000000	0.000000
DHN_DEEP_GEO	0.000000	0.000000	0.000000
DHN_SOLAR	0.000003	0.000000	0.000000
DEC_HP_ELEC	4.829772	0.000000	0.099666
DEC_THHP_GAS	0.000002	0.000000	0.000000
DEC_COGEN_GAS	0.000000	0.000000	0.000000
DEC_COGEN_OIL	0.000000	0.000000	0.000003
DEC_ADVCOGEN_GAS	0.000000	0.000000	0.000000
DEC_ADVCOGEN_H2	0.000000	0.000000	0.000000
DEC_BOILER_GAS	0.000000	0.000000	0.000000
DEC_BOILER_WOOD	0.000000	0.000000	0.000002
DEC_BOILER_OIL	0.000000	0.000000	0.000001
DEC_SOLAR	2.278754	0.000000	0.000000
DEC_DIRECT_ELEC	0.003714	0.000000	0.000000
DEC_THHP_GAS_COLD	0.000000	0.000000	0.000000
DEC_ELEC_COLD	0.000000	0.000000	0.000000
TRAMWAY_TROLLEY	0.000000	0.000000	0.000000
BUS_COACH_DIESEL	0.000000	0.000000	0.000000
BUS_COACH_HYDIESEL	0.000000	0.000000	0.000000
BUS_COACH_CNG_STOICH	0.000000	0.000000	0.000000
BUS_COACH_FC_HYBRIDH2	0.000000	0.000000	0.000000
BUS_COACH_ELECTRIC	0.000000	0.000000	0.000000
TRAIN_PUB	0.859279	0.000000	0.000000
IND_ELEC_COLD	0.000000	0.000000	0.000000
CAR_GASOLINE	0.000000	0.000000	0.000000
CAR_DIESEL	0.000000	0.000000	0.000000
CAR_NG	0.000000	0.000000	0.000000
CAR_METHANOL	0.000000	0.000000	0.000000
CAR_HEV	0.000000	0.000000	0.000000
CAR_PHEV	0.000016	0.000000	0.000001
CAR_BEV	386.845622	0.000000	17.648337
CAR_FUEL_CELL	0.000000	0.000000	0.000000
TRAIN_FREIGHT	0.711241	0.000000	2.120826
BOAT_FREIGHT_DIESEL	0.000000	0.000000	0.000010
BOAT_FREIGHT_NG	0.093377	0.000000	0.404611
BOAT_FREIGHT_METHANOL	0.000000	0.000000	0.000000
TRUCK_DIESEL	0.000000	0.000000	0.000000
TRUCK_METHANOL	0.000000	0.000000	0.000000
TRUCK_FUEL_CELL	134.004251	0.000000	0.951815
TRUCK_ELEC	0.000000	0.000000	0.000000
TRUCK_NG	0.000000	0.000000	0.000000
HABER_BOSCH	2.199928	0.000000	2.086255
OIL_TO_HVC	0.000006	0.000000	0.000000
GAS_TO_HVC	0.000001	0.000000	0.000000
METHANOL_TO_HVC	3.560286	0.000000	0.000000
ADLIBIO_TO_HVC	0.000001	0.000000	0.000000
SYN_METHANOLATION	0.000003	0.000000	0.000000
METHANE_TO_METHANOL	0.018399	0.000000	0.200606
BIOMASS_TO_METHANOL	9.378803	0.000000	15.700893
DAM_STORAGE	0.000000	0.000000	0.000000
PHS	10.840665	0.000000	0.000000
BATT_LI	0.000001	0.000000	0.000000
BEV_BATT	0.000000	0.000000	0.000000
PHEV_BATT	0.000025	0.000000	0.000000
TS_DEC_DIRECT_ELEC	0.003430	0.000000	0.000000
TS_DEC_HP_ELEC	0.272108	0.000000	0.000000
TS_DEC_THHP_GAS	0.000000	0.000000	0.000000
TS_DEC_COGEN_GAS	0.000000	0.000000	0.000000
TS_DEC_COGEN_OIL	0.000000	0.000000	0.000000
TS_DEC_ADVCOGEN_GAS	0.000000	0.000000	0.000000
TS_DEC_ADVCOGEN_H2	0.000000	0.000000	0.000000
TS_DEC_BOILER_GAS	0.000000	0.000000	0.000000
TS_DEC_BOILER_WOOD	0.000000	0.000000	0.000000
TS_DEC_BOILER_OIL	0.000000	0.000000	0.000000
TS_DHN_DAILY	0.000002	0.000000	0.000000
TS_DHN_SEASONAL	5.535083	0.000000	0.000000
TS_HIGH_TEMP	0.000000	0.000000	0.000000
GAS_STORAGE	0.000435	0.000000	0.000000
H2_STORAGE	0.000017	0.000000	0.000000
DIESEL_STORAGE	0.000062	0.000000	0.000000
GASOLINE_STORAGE	0.000064	0.000000	0.000000
LFO_STORAGE	0.000051	0.000000	0.000000
AMMONIA_STORAGE	0.000737	0.000000	0.000000
METHANOL_STORAGE	0.002455	0.000000	0.000000
CO2_STORAGE	0.000004	0.000000	0.000000
PT_STORAGE	0.000000	0.000000	0.000000
ST_STORAGE	0.000000	0.000000	0.000000
TS_COLD	0.000000	0.000000	0.000000
CAES	0.000000	0.000000	0.000000
ADLIBIO_TO_FUEL	0.000001	0.000000	0.000000
AMMONIA_TO_H2	0.000000	0.000000	0.000000
ATM_CCS	0.000000	0.000000	0.000000
BIO_HYDROLYSIS	0.000000	0.000000	0.000005
BIOMETHANATION	0.965526	0.000000	1.135555
DHN	0.000000	0.000000	0.000000
EFFICIENCY	0.000000	0.000000	0.000000
GASIFICATION_SNG	0.000000	0.000000	0.000000
GRID	2.758733	0.000000	0.000000
H2_BIOMASS	0.000000	0.000000	0.000000
H2_ELECTROLYSIS	1.423109	0.000000	0.149360
INDUSTRY_CCS	0.000000	0.000000	0.000000
REDIFUEL	0.000000	0.000000	0.000000
SMR	0.000000	0.000000	0.000000
SYN_METHANATION	0.000000	0.000000	0.000000
PT_COLLECTOR	0.000000	0.000000	0.000000
ST_COLLECTOR	0.000000	0.000000	0.000000
AMMONIA	0.000000	0.000105	0.000000
AMMONIA_RE_BE	0.000000	0.000000	0.000000
AMMONIA_RE_IMPORT	0.000000	341.918734	0.000000
BIODIESEL	0.000000	0.000370	0.000000
BIODIESEL_BE	0.000000	0.000000	0.000000
BIOETHANOL	0.000000	0.000198	0.000000
CO2_ATM	0.000000	0.000000	0.000000
CO2_CAPTURED	0.000000	0.000000	0.000000
CO2_EMISSIONS	0.000000	0.000000	0.000000
CO2_INDUSTRY	0.000000	0.000000	0.000000
COAL	0.000000	4234.986319	0.000000
DIESEL	0.000000	0.000407	0.000000
ELEC_EXPORT	0.000000	0.000000	0.000000
ELECTRICITY	0.000000	0.000150	0.000000
GAS	0.000000	0.003265	0.000000
GAS_RE_BE	0.000000	0.000000	0.000000
GAS_RE_IMPORT	0.000000	0.000063	0.000000
GASOLINE	0.000000	0.000431	0.000000
H2	0.000000	0.000000	0.000000
H2_RE_BE	0.000000	0.000000	0.000000
H2_RE_IMPORT	0.000000	0.000006	0.000000
LFO	0.000000	0.015684	0.000000
LFO_RE_BE	0.000000	0.000000	0.000000
METHANOL	0.000000	0.000241	0.000000
METHANOL_RE_BE	0.000000	0.000000	0.000000
METHANOL_RE_IMPORT	0.000000	0.006341	0.000000
RES_GEO	0.000000	0.000000	0.000000
RES_HYDRO	0.000000	0.000000	0.000000
RES_SOLAR	0.000000	0.000000	0.000000
RES_WIND	0.000000	0.000000	0.000000
URANIUM	0.000000	0.000000	0.000000
WASTE	0.000000	361.822932	0.000000
WET_BIOMASS	0.000000	2303.782082	0.000000
WOOD	0.000000	4217.445038	0.000000
WOOD_PRODUCTION	0.000000	0.000000	0.000000
PT_HEAT	0.000000	0.000000	0.000000
ST_HEAT	0.000000	0.000000	0.000000
