Name	LCA_tech	LCA_res	LCA_op
NUCLEAR	0.000000	0.000000	0.000000
CCGT	0.000002	0.000000	0.000591
CCGT_AMMONIA	0.000002	0.000000	0.000014
COAL_US	0.000000	0.000000	0.000000
COAL_IGCC	0.000000	0.000000	0.000000
PV	1011.157988	0.000000	0.000000
WIND_ONSHORE	102.107232	0.000000	0.582129
WIND_OFFSHORE	96.182602	0.000000	0.828185
HYDRO_RIVER	2.193013	0.000000	0.002721
GEOTHERMAL	0.000000	0.000000	0.000000
IND_COGEN_GAS	44.726944	0.000000	10410.657309
IND_COGEN_WOOD	0.000001	0.000000	0.001268
IND_COGEN_WASTE	0.000002	0.000000	0.000285
IND_BOILER_GAS	1.891415	0.000000	1423.841175
IND_BOILER_WOOD	0.000009	0.000000	0.001013
IND_BOILER_OIL	0.000004	0.000000	0.001060
IND_BOILER_COAL	0.000000	0.000000	0.000000
IND_BOILER_WASTE	9.011897	0.000000	4114.203093
IND_DIRECT_ELEC	0.569428	0.000000	0.000000
DHN_HP_ELEC	35.533784	0.000000	581.878157
DHN_COGEN_GAS	0.000005	0.000000	0.001452
DHN_COGEN_WOOD	0.000000	0.000000	0.000323
DHN_COGEN_WASTE	0.000002	0.000000	0.000211
DHN_COGEN_WET_BIOMASS	0.000020	0.000000	0.000661
DHN_COGEN_BIO_HYDROLYSIS	0.000000	0.000000	0.000230
DHN_BOILER_GAS	0.000001	0.000000	0.000139
DHN_BOILER_WOOD	0.000002	0.000000	0.000244
DHN_BOILER_OIL	0.000000	0.000000	0.000164
DHN_DEEP_GEO	0.000000	0.000000	0.000000
DHN_SOLAR	0.000001	0.000000	0.000000
DEC_HP_ELEC	108.401553	0.000000	1185.103230
DEC_THHP_GAS	0.000044	0.000000	0.001428
DEC_COGEN_GAS	0.000008	0.000000	0.000407
DEC_COGEN_OIL	0.000019	0.000000	0.001067
DEC_ADVCOGEN_GAS	0.000008	0.000000	0.000509
DEC_ADVCOGEN_H2	68.715433	0.000000	29.191357
DEC_BOILER_GAS	0.000007	0.000000	0.000259
DEC_BOILER_WOOD	0.000007	0.000000	0.000608
DEC_BOILER_OIL	0.000005	0.000000	0.000312
DEC_SOLAR	0.000162	0.000000	0.000000
DEC_DIRECT_ELEC	0.000002	0.000000	0.000000
TRAMWAY_TROLLEY	5.209670	0.000000	0.000000
BUS_COACH_DIESEL	0.000001	0.000000	0.000028
BUS_COACH_HYDIESEL	0.000001	0.000000	0.000023
BUS_COACH_CNG_STOICH	0.000001	0.000000	0.000028
BUS_COACH_FC_HYBRIDH2	0.000007	0.000000	0.000013
BUS_COACH_ELECTRIC	272.265318	0.000000	168.011897
TRAIN_PUB	0.000015	0.000000	0.000005
CAR_GASOLINE	0.000003	0.000000	0.000022
CAR_DIESEL	0.000002	0.000000	0.000017
CAR_NG	0.000002	0.000000	0.000014
CAR_METHANOL	0.000002	0.000000	0.000017
CAR_HEV	0.000002	0.000000	0.000013
CAR_PHEV	0.001026	0.000000	0.000669
CAR_BEV	3497.090990	0.000000	553.863575
CAR_FUEL_CELL	0.000006	0.000000	0.000002
TRAIN_FREIGHT	27.392424	0.000000	52.795725
BOAT_FREIGHT_DIESEL	0.000016	0.000000	0.000669
BOAT_FREIGHT_NG	0.000000	0.000000	0.000025
BOAT_FREIGHT_METHANOL	18.323889	0.000000	862.729671
TRUCK_DIESEL	0.000004	0.000000	0.000051
TRUCK_METHANOL	0.000001	0.000000	0.000023
TRUCK_FUEL_CELL	550.534923	0.000000	14.249587
TRUCK_ELEC	0.000003	0.000000	0.000001
TRUCK_NG	0.000000	0.000000	0.000003
HABER_BOSCH	98.074451	0.000000	7.220011
SYN_METHANOLATION	0.000028	0.000000	0.000007
METHANE_TO_METHANOL	1.344463	0.000000	3.297258
BIOMASS_TO_METHANOL	0.000009	0.000000	0.000218
OIL_TO_HVC	0.000064	0.000000	0.000670
GAS_TO_HVC	0.000000	0.000000	0.000000
METHANOL_TO_HVC	123.109501	0.000000	0.000000
ADLIBIO_TO_HVC	81.897890	0.000000	4118.404527
PHS	404.931423	0.000000	0.000000
BATT_LI	24.506565	0.000000	0.000000
BEV_BATT	0.000000	0.000000	0.000000
PHEV_BATT	0.000896	0.000000	0.000000
TS_DEC_DIRECT_ELEC	0.000033	0.000000	0.000000
TS_DEC_HP_ELEC	10.532880	0.000000	0.000000
TS_DEC_THHP_GAS	0.000034	0.000000	0.000000
TS_DEC_COGEN_GAS	0.000032	0.000000	0.000000
TS_DEC_COGEN_OIL	0.000036	0.000000	0.000000
TS_DEC_ADVCOGEN_GAS	0.000035	0.000000	0.000000
TS_DEC_ADVCOGEN_H2	1.112128	0.000000	0.000000
TS_DEC_BOILER_GAS	0.000032	0.000000	0.000000
TS_DEC_BOILER_WOOD	0.000036	0.000000	0.000000
TS_DEC_BOILER_OIL	0.000032	0.000000	0.000000
TS_DHN_DAILY	0.000299	0.000000	0.000000
TS_DHN_SEASONAL	159.365816	0.000000	0.000000
TS_HIGH_TEMP	10.405552	0.000000	0.000000
GAS_STORAGE	0.017859	0.000000	0.000000
H2_STORAGE	7.329843	0.000000	0.000000
DIESEL_STORAGE	0.002027	0.000000	0.000000
GASOLINE_STORAGE	0.002199	0.000000	0.000000
LFO_STORAGE	0.001868	0.000000	0.000000
AMMONIA_STORAGE	0.008535	0.000000	0.000000
METHANOL_STORAGE	0.008077	0.000000	0.000000
CO2_STORAGE	0.000639	0.000000	0.000000
ADLIBIO_TO_FUEL	0.000014	0.000000	0.000118
AMMONIA_TO_H2	0.000003	0.000000	0.000000
ATM_CCS	0.000009	0.000000	-0.001640
BIO_HYDROLYSIS	12.100447	0.000000	10106.268826
BIOMETHANATION	0.000057	0.000000	0.002297
DHN	0.000000	0.000000	0.000000
EFFICIENCY	0.000000	0.000000	0.000000
GASIFICATION_SNG	0.000000	0.000000	0.000297
GRID	19.099799	0.000000	0.000000
H2_BIOMASS	4.978510	0.000000	3.004832
H2_ELECTROLYSIS	0.000007	0.000000	0.000000
INDUSTRY_CCS	0.000000	0.000000	0.000104
REDIFUEL	0.000001	0.000000	0.000107
SMR	0.000000	0.000000	0.000163
SYN_METHANATION	0.000003	0.000000	0.000000
AMMONIA	0.000000	-0.012955	0.000000
AMMONIA_RE_BE	0.000000	0.000000	0.000000
AMMONIA_RE_IMPORT	0.000000	196.218202	0.000000
BIODIESEL	0.000000	-0.000086	0.000000
BIODIESEL_BE	0.000000	0.000000	0.000000
BIOETHANOL	0.000000	-0.000043	0.000000
CO2_ATM	0.000000	0.000000	0.000000
CO2_CAPTURED	0.000000	0.000000	0.000000
CO2_EMISSIONS	0.000000	0.000000	0.000000
CO2_INDUSTRY	0.000000	0.000000	0.000000
COAL	0.000000	0.000000	0.000000
DIESEL	0.000000	0.000079	0.000000
ELEC_EXPORT	0.000000	0.000000	0.000000
ELECTRICITY	0.000000	641.063327	0.000000
GAS	0.000000	2678.752967	0.000000
GAS_RE_BE	0.000000	0.000000	0.000000
GAS_RE_IMPORT	0.000000	-0.000003	0.000000
GASOLINE	0.000000	0.000031	0.000000
H2	0.000000	0.000001	0.000000
H2_RE_BE	0.000000	0.000000	0.000000
H2_RE_IMPORT	0.000000	3359.687910	0.000000
LFO	0.000000	0.000082	0.000000
LFO_RE_BE	0.000000	0.000000	0.000000
METHANOL	0.000000	2391.726934	0.000000
METHANOL_RE_BE	0.000000	0.000000	0.000000
METHANOL_RE_IMPORT	0.000000	-0.001083	0.000000
RES_GEO	0.000000	0.000000	0.000000
RES_HYDRO	0.000000	0.000000	0.000000
RES_SOLAR	0.000000	0.000000	0.000000
RES_WIND	0.000000	0.000000	0.000000
URANIUM	0.000000	0.000000	0.000000
WASTE	0.000000	0.000000	0.000000
WET_BIOMASS	0.000000	-16341.967958	0.000000
WOOD	0.000000	-7555.389524	0.000000
WOOD_PRODUCTION	0.000000	-11816.369390	0.000000
