Name	Crit_1_tech	Crit_1_res	Crit_1_op
NUCLEAR	0.381293	0.000000	0.266157
CCGT	0.328380	0.000000	1.352803
CCGT_AMMONIA	0.000000	0.000000	0.000000
COAL_US	0.027920	0.000000	9.979476
COAL_IGCC	0.000000	0.000000	0.000000
PV	1.039374	0.000000	0.000000
WIND_ONSHORE	0.150116	0.000000	0.001203
WIND_OFFSHORE	0.124754	0.000000	0.001652
HYDRO_RIVER	0.020281	0.000000	0.000037
GEOTHERMAL	0.000000	0.000000	0.000000
IND_COGEN_GAS	0.121057	0.000000	1.888937
IND_COGEN_WOOD	0.000000	0.000000	0.000000
IND_COGEN_WASTE	0.070265	0.000000	1.026457
IND_BOILER_GAS	0.009888	0.000000	1.451452
IND_BOILER_WOOD	0.000000	0.000000	0.000000
IND_BOILER_OIL	0.005540	0.000000	4.736818
IND_BOILER_COAL	0.143254	0.000000	66.922847
IND_BOILER_WASTE	0.000000	0.000000	0.000000
IND_DIRECT_ELEC	0.000000	0.000000	0.000000
DHN_HP_ELEC	0.002448	0.000000	0.000075
DHN_COGEN_GAS	0.036185	0.000000	0.698292
DHN_COGEN_WOOD	0.001714	0.000000	0.172528
DHN_COGEN_WASTE	0.008406	0.000000	0.138099
DHN_COGEN_WET_BIOMASS	0.000000	0.000000	0.000000
DHN_COGEN_BIO_HYDROLYSIS	0.000000	0.000000	0.000000
DHN_BOILER_GAS	0.000992	0.000000	0.030119
DHN_BOILER_WOOD	0.000000	0.000000	0.000000
DHN_BOILER_OIL	0.000238	0.000000	0.008250
DHN_DEEP_GEO	0.000580	0.000000	0.000003
DHN_SOLAR	0.000000	0.000000	0.000000
DEC_HP_ELEC	0.045510	0.000000	0.001075
DEC_THHP_GAS	0.000000	0.000000	0.000000
DEC_COGEN_GAS	0.099912	0.000000	0.321291
DEC_COGEN_OIL	0.000000	0.000000	0.000000
DEC_ADVCOGEN_GAS	0.000000	0.000000	0.000000
DEC_ADVCOGEN_H2	0.000000	0.000000	0.000000
DEC_BOILER_GAS	0.642309	0.000000	3.229195
DEC_BOILER_WOOD	0.413559	0.000000	6.776633
DEC_BOILER_OIL	0.781113	0.000000	24.469271
DEC_SOLAR	1.139525	0.000000	0.000000
DEC_DIRECT_ELEC	0.000000	0.000000	0.000000
TRAMWAY_TROLLEY	0.007310	0.000000	0.000000
BUS_COACH_DIESEL	1.143979	0.000000	0.561869
BUS_COACH_HYDIESEL	0.000000	0.000000	0.000000
BUS_COACH_CNG_STOICH	0.245455	0.000000	0.295091
BUS_COACH_FC_HYBRIDH2	0.000000	0.000000	0.000000
BUS_COACH_ELECTRIC	0.000000	0.000000	0.000000
TRAIN_PUB	0.132514	0.000000	0.000000
CAR_GASOLINE	13.961389	0.000000	4.136447
CAR_DIESEL	25.748656	0.000000	5.737715
CAR_NG	0.409086	0.000000	0.112577
CAR_METHANOL	0.000000	0.000000	0.000000
CAR_HEV	0.000000	0.000000	0.000000
CAR_PHEV	0.000000	0.000000	0.000000
CAR_BEV	0.000000	0.000000	0.000000
CAR_FUEL_CELL	0.000000	0.000000	0.000000
TRAIN_FREIGHT	0.079275	0.000000	0.203889
BOAT_FREIGHT_DIESEL	0.072333	0.000000	3.903719
BOAT_FREIGHT_NG	0.000000	0.000000	0.000000
BOAT_FREIGHT_METHANOL	0.000000	0.000000	0.000000
TRUCK_DIESEL	7.363740	0.000000	15.388258
TRUCK_METHANOL	0.000000	0.000000	0.000000
TRUCK_FUEL_CELL	0.000000	0.000000	0.000000
TRUCK_ELEC	0.000000	0.000000	0.000000
TRUCK_NG	0.470486	0.000000	0.438116
HABER_BOSCH	2.671746	0.000000	2.090611
SYN_METHANOLATION	0.000000	0.000000	0.000000
METHANE_TO_METHANOL	0.000000	0.000000	0.000000
BIOMASS_TO_METHANOL	0.000000	0.000000	0.000000
OIL_TO_HVC	4.335116	0.000000	0.000000
GAS_TO_HVC	0.000000	0.000000	0.000000
METHANOL_TO_HVC	0.000000	0.000000	0.000000
ADLIBIO_TO_HVC	0.000000	0.000000	0.000000
PHS	3.854930	0.000000	0.000000
BATT_LI	0.000000	0.000000	0.000000
BEV_BATT	0.000000	0.000000	0.000000
PHEV_BATT	0.000000	0.000000	0.000000
TS_DEC_DIRECT_ELEC	0.000000	0.000000	0.000000
TS_DEC_HP_ELEC	0.000004	0.000000	0.000000
TS_DEC_THHP_GAS	0.000001	0.000000	0.000000
TS_DEC_COGEN_GAS	0.000000	0.000000	0.000000
TS_DEC_COGEN_OIL	0.000000	0.000000	0.000000
TS_DEC_ADVCOGEN_GAS	0.000000	0.000000	0.000000
TS_DEC_ADVCOGEN_H2	0.000000	0.000000	0.000000
TS_DEC_BOILER_GAS	0.000000	0.000000	0.000000
TS_DEC_BOILER_WOOD	0.000000	0.000000	0.000000
TS_DEC_BOILER_OIL	0.000000	0.000000	0.000000
TS_DHN_DAILY	0.000005	0.000000	0.000000
TS_DHN_SEASONAL	1.827857	0.000000	0.000000
TS_HIGH_TEMP	0.015835	0.000000	0.000000
GAS_STORAGE	0.000000	0.000000	0.000000
H2_STORAGE	0.000000	0.000000	0.000000
DIESEL_STORAGE	0.000000	0.000000	0.000000
GASOLINE_STORAGE	0.000000	0.000000	0.000000
LFO_STORAGE	0.000000	0.000000	0.000000
AMMONIA_STORAGE	0.000000	0.000000	0.000000
METHANOL_STORAGE	0.000000	0.000000	0.000000
CO2_STORAGE	0.000000	0.000000	0.000000
ADLIBIO_TO_FUEL	0.000000	0.000000	0.000000
AMMONIA_TO_H2	0.000000	0.000000	0.000000
ATM_CCS	0.000000	0.000000	0.000000
BIO_HYDROLYSIS	0.000000	0.000000	0.000000
BIOMETHANATION	0.234524	0.000000	0.186003
DHN	0.000000	0.000000	0.000000
EFFICIENCY	0.000000	0.000000	0.000000
GASIFICATION_SNG	0.000000	0.000000	0.000000
GRID	1.384105	0.000000	0.000000
H2_BIOMASS	0.000000	0.000000	0.000000
H2_ELECTROLYSIS	0.000000	0.000000	0.000000
INDUSTRY_CCS	0.000000	0.000000	0.000000
REDIFUEL	0.000000	0.000000	0.000000
SMR	0.000000	0.000000	0.317335
SYN_METHANATION	0.000000	0.000000	0.000000
AMMONIA	0.000000	0.512977	0.000000
AMMONIA_RE_BE	0.000000	0.000000	0.000000
AMMONIA_RE_IMPORT	0.000000	0.000003	0.000000
BIODIESEL	0.000000	0.000004	0.000000
BIODIESEL_BE	0.000000	0.000000	0.000000
BIOETHANOL	0.000000	0.000007	0.000000
CO2_ATM	0.000000	0.000000	0.000000
CO2_CAPTURED	0.000000	0.000000	0.000000
CO2_EMISSIONS	0.000000	0.000000	0.000000
CO2_INDUSTRY	0.000000	0.000000	0.000000
COAL	0.000000	11.585206	0.000000
DIESEL	0.000000	32.391786	0.000000
ELEC_EXPORT	0.000000	0.000000	0.000000
ELECTRICITY	0.000000	23.782475	0.000000
GAS	0.000000	17.885612	0.000000
GAS_RE_BE	0.000000	0.000000	0.000000
GAS_RE_IMPORT	0.000000	0.000000	0.000000
GASOLINE	0.000000	13.592787	0.000000
H2	0.000000	0.000000	0.000000
H2_RE_BE	0.000000	0.000000	0.000000
H2_RE_IMPORT	0.000000	0.000000	0.000000
LFO	0.000000	78.607636	0.000000
LFO_RE_BE	0.000000	0.000000	0.000000
METHANOL	0.000000	0.541611	0.000000
METHANOL_RE_BE	0.000000	0.000000	0.000000
METHANOL_RE_IMPORT	0.000000	0.000000	0.000000
RES_GEO	0.000000	0.000000	0.000000
RES_HYDRO	0.000000	0.000000	0.000000
RES_SOLAR	0.000000	0.000000	0.000000
RES_WIND	0.000000	0.000000	0.000000
URANIUM	0.000000	1.586481	0.000000
WASTE	0.000000	0.000000	0.000000
WET_BIOMASS	0.000000	2.137782	0.000000
WOOD	0.000000	3.379402	0.000000
WOOD_PRODUCTION	0.000000	0.000000	0.000000
