TECHNOLOGIES	 c_inv	 c_maint	 lifetime	  f_min	 f	 f_max	 fmin_perc	f_perc	 fmax_perc	 c_p	 c_p_max	 tau	 gwp_constr
 UNITS	[M€/GW]	 [M€/GW/y]	 [y]	 [GW or GWh]	 [GW or GWh]	 [GW or GWh]	 [0-1]	 [0-1]	 [0-1]	 [0-1]	 [0-1]	 [-]	 [ktCO2-eq./GW or GWh]
NUCLEAR	48236.884325	1024.627882	60.000000	0.000000	9.954513	Infinity	0.000000	0.810772	1.000000	0.849000	0.849000	0.025393	7046.600961
CCGT	0.000935	0.000024	25.000000	0.000000	0.000001	Infinity	0.000000	0.000000	1.000000	0.002062	0.961540	0.048263	0.000221
CCGT_AMMONIA	0.000012	0.000000	25.000000	0.000000	0.000000	Infinity	0.000000	0.000000	1.000000	0.000648	0.630000	0.048263	0.000003
COAL_US	0.003952	0.000046	35.000000	0.000000	0.000002	Infinity	0.000000	0.000000	1.000000	0.008383	0.868000	0.036934	0.000515
COAL_IGCC	0.002710	0.000040	35.000000	0.000000	0.000001	Infinity	0.000000	0.000000	1.000000	0.004673	0.856000	0.036934	0.000274
PV	0.000287	0.000003	25.000000	0.000000	0.000000	59.200000	0.000000	0.000000	1.000000	0.002366	1.000000	0.048263	0.000632
WIND_ONSHORE	8779.122674	102.108158	30.000000	0.000000	8.279145	10.000000	0.000000	0.189227	1.000000	0.238247	1.000000	0.041639	5156.665526
WIND_OFFSHORE	0.009259	0.000064	30.000000	0.000000	0.000002	6.000000	0.000000	0.000000	1.000000	0.026847	1.000000	0.041639	0.001135
HYDRO_RIVER	0.022062	0.000221	40.000000	0.000000	0.000004	0.115000	0.000000	0.000001	1.000000	0.060382	1.000000	0.033427	0.005522
GEOTHERMAL	0.004863	0.000090	30.000000	0.000000	0.000001	Infinity	0.000000	0.000000	1.000000	0.034766	0.950000	0.041639	0.015830
IND_COGEN_GAS	1326.534383	85.268092	25.000000	0.000000	0.920706	Infinity	0.086000	0.086000	1.000000	0.801927	0.850000	0.048263	943.097280
IND_COGEN_WOOD	0.000003	0.000000	25.000000	0.000000	0.000000	Infinity	0.000000	0.000000	0.000000	0.000000	0.850000	0.048263	0.000000
IND_COGEN_WASTE	1707.997487	62.965769	25.000000	0.000000	0.565622	Infinity	0.056000	0.056000	1.000000	0.850000	0.850000	0.048263	366.421254
IND_BOILER_GAS	240.441242	4.817341	17.000000	0.000000	4.082887	Infinity	0.358000	0.358000	1.000000	0.752788	0.950000	0.067080	50.301173
IND_BOILER_WOOD	0.000003	0.000000	17.000000	0.000000	0.000000	Infinity	0.000000	0.000000	0.000000	0.000000	0.900000	0.067080	0.000001
IND_BOILER_OIL	153.298437	3.297022	17.000000	0.000000	2.794357	Infinity	0.200000	0.200000	1.000000	0.614477	0.950000	0.067080	34.426481
IND_BOILER_COAL	329.619604	6.592353	17.000000	0.000000	2.861778	Infinity	0.300000	0.300000	1.000000	0.900000	0.900000	0.067080	137.880470
IND_BOILER_WASTE	0.000003	0.000000	17.000000	0.000000	0.000000	Infinity	0.000000	0.000000	0.000000	0.000000	0.900000	0.067080	0.000001
IND_DIRECT_ELEC	0.000003	0.000000	15.000000	0.000000	0.000000	Infinity	0.000000	0.000000	0.000000	0.000000	0.950000	0.074944	0.000000
DHN_HP_ELEC	6.205399	0.210422	25.000000	0.000000	0.017542	Infinity	0.044000	0.053001	1.000000	0.415082	0.950000	0.048263	3.066125
DHN_COGEN_GAS	171.153564	5.004182	25.000000	0.000000	0.133332	Infinity	0.594000	0.593998	1.000000	0.612026	0.850000	0.048263	65.450245
DHN_COGEN_WOOD	19.048525	0.697411	25.000000	0.000000	0.017224	Infinity	0.066000	0.066000	1.000000	0.526422	0.850000	0.048263	2.847642
DHN_COGEN_WASTE	68.814489	2.536864	25.000000	0.000000	0.022789	Infinity	0.141000	0.141000	1.000000	0.850003	0.850000	0.048263	14.762956
DHN_COGEN_WET_BIOMASS	0.000002	0.000000	25.000000	0.000000	0.000000	Infinity	0.000000	0.000000	0.000000	0.000000	0.750000	0.048263	0.000001
DHN_COGEN_BIO_HYDROLYSIS	0.000002	0.000000	15.000000	0.000000	0.000000	Infinity	0.000000	0.000000	0.000000	0.000000	0.850000	0.074944	0.000000
DHN_BOILER_GAS	3.063142	0.061371	17.000000	0.000000	0.052015	Infinity	0.139000	0.139000	1.000000	0.367122	0.950000	0.067080	0.640820
DHN_BOILER_WOOD	0.000001	0.000000	17.000000	0.000000	0.000000	Infinity	0.000000	0.000000	0.000000	0.000000	0.900000	0.067080	0.000000
DHN_BOILER_OIL	0.143758	0.003092	17.000000	0.000000	0.002620	Infinity	0.007000	0.007000	1.000000	0.366986	0.950000	0.067080	0.032284
DHN_DEEP_GEO	0.000000	0.000000	30.000000	0.000000	0.000000	0.000000	0.000000	0.000000	0.000000	0.000000	0.850000	0.041639	0.000000
DHN_SOLAR	0.000017	0.000000	30.000000	0.000000	0.000000	Infinity	0.000000	0.000001	1.000000	0.000734	1.000000	0.041639	0.000010
DEC_HP_ELEC	181.531912	7.568861	18.000000	0.000000	0.359555	Infinity	0.011000	0.011000	1.000000	0.441568	1.000000	0.063806	59.286953
DEC_THHP_GAS	0.000003	0.000000	20.000000	0.000000	0.000000	Infinity	0.000000	0.000000	0.000000	0.000000	1.000000	0.058246	0.000004
DEC_COGEN_GAS	329.059933	21.151591	20.000000	0.000000	0.228390	Infinity	0.007000	0.007000	1.000000	0.442375	1.000000	0.058246	233.944579
DEC_COGEN_OIL	0.000002	0.000000	20.000000	0.000000	0.000000	Infinity	0.000000	0.000000	0.000000	0.000000	1.000000	0.058246	0.000002
DEC_ADVCOGEN_GAS	0.000003	0.000000	20.000000	0.000000	0.000000	Infinity	0.000000	0.000000	0.000000	0.000000	1.000000	0.058246	0.000001
DEC_ADVCOGEN_H2	0.000000	0.000000	20.000000	0.000000	0.000000	Infinity	0.000000	0.000000	0.000000	0.000000	1.000000	0.058246	0.000000
DEC_BOILER_GAS	2273.373661	68.212677	17.000000	0.000000	14.339433	Infinity	0.396000	0.396000	1.000000	0.398596	1.000000	0.067080	302.418636
DEC_BOILER_WOOD	1520.180333	53.192802	17.000000	0.000000	3.287303	Infinity	0.100000	0.100000	1.000000	0.439066	1.000000	0.067080	69.329217
DEC_BOILER_OIL	2414.424329	144.820106	17.000000	0.000000	16.957609	Infinity	0.484000	0.484000	1.000000	0.411956	1.000000	0.067080	357.635968
DEC_SOLAR	319.909183	3.549467	20.000000	0.000000	0.438713	Infinity	0.002000	0.002000	1.000000	0.065799	1.000000	0.058246	97.051988
DEC_DIRECT_ELEC	0.000003	0.000000	15.000000	0.000000	0.000000	Infinity	0.000000	0.000000	0.000000	0.000000	1.000000	0.074944	0.000000
TRAMWAY_TROLLEY	5485.004709	109.700094	30.000000	0.000000	8.776008	Infinity	0.050000	0.480000	1.000000	0.342470	0.342470	0.041639	0.000000
BUS_COACH_DIESEL	0.000042	0.000002	15.000000	0.000000	0.000000	Infinity	0.000000	0.000000	1.000000	0.000201	0.296800	0.074944	0.000000
BUS_COACH_HYDIESEL	0.000002	0.000000	15.000000	0.000000	0.000000	Infinity	0.000000	0.000000	0.000000	0.000000	0.296800	0.074944	0.000000
BUS_COACH_CNG_STOICH	1152.189629	58.015909	15.000000	0.000000	1.898702	Infinity	0.090000	0.090000	1.000000	0.296800	0.296800	0.074944	0.000000
BUS_COACH_FC_HYBRIDH2	0.000003	0.000000	15.000000	0.000000	0.000000	Infinity	0.000000	0.000000	0.000000	0.000000	0.296800	0.074944	0.000000
BUS_COACH_ELECTRIC	0.000028	0.000001	15.000000	0.000000	0.000000	Infinity	0.000000	0.000000	1.000000	0.004510	0.296800	0.074944	0.000000
TRAIN_PUB	14741.246537	532.016360	40.000000	0.000000	9.788214	Infinity	0.430000	0.430000	1.000000	0.275070	0.275070	0.033427	0.000000
CAR_GASOLINE	41676.000002	2400.000000	10.000000	100.000000	100.000000	Infinity	0.485000	0.485000	1.000000	0.030368	0.051370	0.108434	0.000000
CAR_DIESEL	25153.016780	1401.249745	10.000000	0.000000	58.385406	Infinity	0.479000	0.479000	1.000000	0.051370	0.051370	0.108434	0.000000
CAR_NG	103.940449	5.850718	10.000000	0.000000	0.243780	Infinity	0.002000	0.002000	1.000000	0.051370	0.051370	0.108434	0.000000
CAR_METHANOL	0.000002	0.000000	10.000000	0.000000	0.000000	Infinity	0.000000	0.000000	0.000000	0.000000	0.051370	0.108434	0.000000
CAR_HEV	1562.327711	124.328010	10.000000	0.000000	3.656706	Infinity	0.030000	0.030000	1.000000	0.051370	0.051370	0.108434	0.000000
CAR_PHEV	0.023422	0.001734	10.000000	0.000000	0.000051	Infinity	0.000000	0.000000	0.000000	0.000000	0.051370	0.108434	0.000000
CAR_BEV	217.193520	4.875604	10.000000	0.000000	0.487560	Infinity	0.004000	0.004000	1.000000	0.051370	0.051370	0.108434	0.000000
CAR_FUEL_CELL	0.000002	0.000000	10.000000	0.000000	0.000000	Infinity	0.000000	0.000000	0.000000	0.000000	0.051370	0.108434	0.000000
TRAIN_FREIGHT	602.026453	12.040020	40.000000	0.000000	5.765432	Infinity	0.000000	1.000000	1.000000	0.342470	0.342470	0.033427	0.000000
BOAT_FREIGHT_DIESEL	676.040762	34.087130	40.000000	0.000000	8.924631	Infinity	0.430000	0.430000	1.000000	0.114160	0.114160	0.033427	0.000000
BOAT_FREIGHT_NG	0.000003	0.000000	40.000000	0.000000	0.000000	Infinity	0.000000	0.000000	0.000000	0.000000	0.114160	0.033427	0.000000
BOAT_FREIGHT_METHANOL	896.147048	45.185266	40.000000	0.000000	11.830324	Infinity	0.000000	0.570000	1.000000	0.114160	0.114160	0.033427	0.000000
TRUCK_DIESEL	16928.000002	853.555556	15.000000	46.000000	46.000000	Infinity	0.000000	1.000000	1.000000	0.077263	0.092590	0.074944	0.000000
TRUCK_METHANOL	0.000009	0.000000	15.000000	0.000000	0.000000	Infinity	0.000000	0.000000	1.000000	0.000160	0.092590	0.074944	0.000000
TRUCK_FUEL_CELL	0.000003	0.000000	15.000000	0.000000	0.000000	Infinity	0.000000	0.000000	0.000000	0.000000	0.092590	0.074944	0.000000
TRUCK_ELEC	0.000003	0.000000	15.000000	0.000000	0.000000	Infinity	0.000000	0.000000	0.000000	0.000000	0.092590	0.074944	0.000000
TRUCK_NG	0.000002	0.000000	15.000000	0.000000	0.000000	Infinity	0.000000	0.000000	0.000000	0.000000	0.092590	0.074944	0.000000
HABER_BOSCH	1457.226756	28.490754	20.000000	0.000000	1.678562	Infinity	0.000000	1.000000	1.000000	0.671815	1.000000	0.058246	0.000000
SYN_METHANOLATION	0.000167	0.000005	20.000000	0.000000	0.000000	Infinity	0.000000	0.259174	1.000000	0.001151	0.950000	0.058246	0.000000
METHANE_TO_METHANOL	0.000617	0.000027	25.000000	0.000000	0.000001	Infinity	0.000000	0.379584	1.000000	0.001686	0.850000	0.048263	0.000000
BIOMASS_TO_METHANOL	0.000434	0.000007	20.000000	0.000000	0.000000	Infinity	0.000000	0.361241	1.000000	0.001604	1.000000	0.058246	0.000000
OIL_TO_HVC	0.000734	0.000004	20.000000	0.000000	0.000002	Infinity	0.000000	0.000000	1.000000	0.002040	1.000000	0.058246	0.000000
GAS_TO_HVC	0.000904	0.000023	20.000000	0.000000	0.000001	Infinity	0.000000	0.000000	1.000000	0.001320	1.000000	0.058246	0.000000
METHANOL_TO_HVC	3269.540848	294.259087	20.000000	0.000000	4.575344	Infinity	0.000000	1.000000	1.000000	1.000000	1.000000	0.058246	0.000000
ADLIBIO_TO_HVC	0.000642	0.000014	20.000000	0.000000	0.000001	Infinity	0.000000	0.000000	1.000000	0.000964	1.000000	0.058246	0.000656
PHS	382.199997	0.000000	50.000000	5.000000	6.500000	6.500000	0.000000	-1.000000	1.000000	0.035711	1.000000	0.028572	
BATT_LI	0.005954	0.000009	15.000000	0.000000	0.000017	Infinity	0.000000	-1.000000	1.000000	0.006753	1.000000	0.074944	
BEV_BATT	0.000000	0.000000	1.000000	0.000000	0.483691	Infinity	0.000000	-1.000000	1.000000	0.008066	1.000000	1.015000	
PHEV_BATT	0.000000	0.000000	1.000000	0.000000	0.000010	Infinity	0.000000	-1.000000	1.000000	0.000578	1.000000	1.015000	
TS_DEC_DIRECT_ELEC	0.004061	0.000028	20.000000	0.000000	0.000214	Infinity	0.000000	-1.000000	1.000000	0.000120	1.000000	0.058246	
TS_DEC_HP_ELEC	11.378695	0.079658	20.000000	0.000000	0.599826	Infinity	0.000000	-1.000000	1.000000	0.049488	1.000000	0.058246	
TS_DEC_THHP_GAS	0.004061	0.000028	20.000000	0.000000	0.000214	Infinity	0.000000	-1.000000	1.000000	0.000120	1.000000	0.058246	
TS_DEC_COGEN_GAS	16.417453	0.114933	20.000000	0.000000	0.865443	Infinity	0.000000	-1.000000	1.000000	0.031532	1.000000	0.058246	
TS_DEC_COGEN_OIL	0.004061	0.000028	20.000000	0.000000	0.000214	Infinity	0.000000	-1.000000	1.000000	0.000120	1.000000	0.058246	
TS_DEC_ADVCOGEN_GAS	0.004061	0.000028	20.000000	0.000000	0.000214	Infinity	0.000000	-1.000000	1.000000	0.000120	1.000000	0.058246	
TS_DEC_ADVCOGEN_H2	0.004061	0.000028	20.000000	0.000000	0.000214	Infinity	0.000000	-1.000000	1.000000	0.000120	1.000000	0.058246	
TS_DEC_BOILER_GAS	121.752227	0.852347	20.000000	0.000000	6.418146	Infinity	0.000000	-1.000000	1.000000	0.043519	1.000000	0.058246	
TS_DEC_BOILER_WOOD	77.551733	0.542914	20.000000	0.000000	4.088125	Infinity	0.000000	-1.000000	1.000000	0.039425	1.000000	0.058246	
TS_DEC_BOILER_OIL	231.552869	1.621025	20.000000	0.000000	12.206266	Infinity	0.000000	-1.000000	1.000000	0.042417	1.000000	0.058246	
TS_DHN_DAILY	0.007204	0.000021	40.000000	0.000000	0.002401	Infinity	0.000000	-1.000000	1.000000	0.000326	1.000000	0.033427	
TS_DHN_SEASONAL	135.223255	0.737581	25.000000	0.000000	245.860463	Infinity	0.000000	-1.000000	1.000000	0.000218	1.000000	0.048263	
TS_HIGH_TEMP	0.006329	0.000068	25.000000	0.000000	0.000226	Infinity	0.000000	-1.000000	1.000000	0.012928	1.000000	0.048263	
GAS_STORAGE	254.214970	6.656182	50.000000	0.000000	5084.299395	Infinity	0.000000	-1.000000	1.000000	0.000163	1.000000	0.028572	
H2_STORAGE	0.026161	0.001648	20.000000	0.000000	0.004226	Infinity	0.000000	-1.000000	1.000000	0.001224	1.000000	0.058246	
DIESEL_STORAGE	0.024988	0.000992	20.000000	0.000000	2.498780	Infinity	0.000000	-1.000000	1.000000	0.000045	1.000000	0.058246	
GASOLINE_STORAGE	0.878852	0.034890	20.000000	0.000000	87.885209	Infinity	0.000000	-1.000000	1.000000	0.001346	1.000000	0.058246	
LFO_STORAGE	0.026427	0.001049	20.000000	0.000000	2.642665	Infinity	0.000000	-1.000000	1.000000	0.000050	1.000000	0.058246	
AMMONIA_STORAGE	7.191147	0.285489	20.000000	0.000000	719.114672	Infinity	0.000000	-1.000000	1.000000	0.000441	1.000000	0.058246	
METHANOL_STORAGE	0.027880	0.001107	20.000000	0.000000	2.787958	Infinity	0.000000	-1.000000	1.000000	0.000005	1.000000	0.058246	
CO2_STORAGE	0.082553	0.000826	30.000000	0.000000	0.001668	Infinity	0.000000	-1.000000	1.000000	0.000019	1.000000	0.041639	
ADLIBIO_TO_FUEL	384.906605	6.998302	20.000000	0.000000	0.538331	Infinity	0.000000	-1.000000	1.000000	0.970449	1.000000	0.058246	
AMMONIA_TO_H2	0.000267	0.000025	25.000000	0.000000	0.000000	Infinity	0.000000	-1.000000	1.000000	0.001112	0.860000	0.048263	
ATM_CCS	0.000324	0.000008	40.000000	0.000000	0.000000	Infinity	0.000000	-1.000000	1.000000	0.000999	1.000000	0.033427	
BIO_HYDROLYSIS	0.003493	0.000238	15.000000	0.000000	0.000002	Infinity	0.000000	-1.000000	1.000000	0.018393	0.850000	0.074944	
BIOMETHANATION	1577.899517	21.857591	20.000000	0.000000	1.561257	Infinity	0.000000	-1.000000	1.000000	0.850000	0.850000	0.058246	
DHN	422.034158	0.000000	60.000000	0.000000	0.511011	Infinity	0.000000	-1.000000	1.000000	0.000000	1.000000	0.025393	
EFFICIENCY	5517.241379	0.000000	1.000000	0.000000	0.985222	Infinity	0.000000	-1.000000	1.000000	0.000000	1.000000	1.015000	
GASIFICATION_SNG	0.000985	0.000069	25.000000	0.000000	0.000000	Infinity	0.000000	-1.000000	1.000000	0.001380	0.850000	0.048263	
GRID	77964.130350	0.000000	80.000000	0.000000	1.040645	Infinity	0.000000	-1.000000	1.000000	0.000000	1.000000	0.021548	
H2_BIOMASS	0.000015	0.000001	25.000000	0.000000	0.000000	Infinity	0.000000	-1.000000	1.000000	0.001167	0.860000	0.048263	
H2_ELECTROLYSIS	1619.669708	44.541132	15.000000	0.000000	2.132575	Infinity	0.000000	-1.000000	1.000000	0.704829	0.900000	0.074944	
INDUSTRY_CCS	0.000528	0.000013	40.000000	0.000000	0.000000	Infinity	0.000000	-1.000000	1.000000	0.002051	1.000000	0.033427	
REDIFUEL	0.000440	0.000012	20.000000	0.000000	0.000000	Infinity	0.000000	-1.000000	1.000000	0.000515	1.000000	0.058246	
SMR	0.001504	0.000139	25.000000	0.000000	0.000002	Infinity	0.000000	-1.000000	1.000000	0.018356	0.860000	0.048263	
SYN_METHANATION	0.000202	0.000052	40.000000	0.000000	0.000001	Infinity	0.000000	-1.000000	1.000000	0.003125	1.000000	0.033427	