TECHNOLOGIES	 c_inv	 c_maint	 lifetime	  f_min	 f	 f_max	 fmin_perc	f_perc	 fmax_perc	 c_p	 c_p_max	 tau	 gwp_constr
 UNITS	[M€/GW]	 [M€/GW/y]	 [y]	 [GW or GWh]	 [GW or GWh]	 [GW or GWh]	 [0-1]	 [0-1]	 [0-1]	 [0-1]	 [0-1]	 [-]	 [ktCO2-eq./GW or GWh]
NUCLEAR	0.000000	0.000000	60.000000	0.000000	0.000000	0.000000	0.000000	0.000000	1.000000	0.000000	0.849000	0.025393	0.000000
CCGT	0.002270	0.000057	25.000000	0.000000	0.000003	Infinity	0.000000	0.000000	1.000000	0.007425	0.961540	0.048263	0.000535
CCGT_AMMONIA	0.001026	0.000026	25.000000	0.000000	0.000001	Infinity	0.000000	0.000000	1.000000	0.000518	0.630000	0.048263	0.000242
COAL_US	0.000000	0.000000	35.000000	0.000000	0.000000	0.000000	0.000000	0.000000	1.000000	0.000000	0.868000	0.036934	0.000000
COAL_IGCC	0.000000	0.000000	35.000000	0.000000	0.000000	0.000000	0.000000	0.000000	1.000000	0.000000	0.856000	0.036934	0.000000
PV	35176.577460	401.717688	25.000000	0.000000	37.144493	59.200000	0.000000	0.492987	1.000000	0.117141	1.000000	0.048263	77313.661404
WIND_ONSHORE	10603.900000	123.331765	30.000000	0.000000	10.000000	10.000000	0.000000	0.253257	1.000000	0.223526	1.000000	0.041639	6228.500000
WIND_OFFSHORE	30490.679988	212.138806	30.000000	0.000000	6.000000	6.000000	0.000000	0.247773	1.000000	0.364477	1.000000	0.041639	3737.099999
HYDRO_RIVER	580.165794	5.801152	40.000000	0.000000	0.115000	0.115000	0.000000	0.005983	1.000000	0.459168	1.000000	0.033427	145.224299
GEOTHERMAL	0.000000	0.000000	30.000000	0.000000	0.000000	0.000000	0.000000	0.000000	1.000000	0.000000	0.950000	0.041639	0.000000
IND_COGEN_GAS	5912.268941	380.033792	25.000000	0.000000	4.103520	Infinity	0.000000	0.664608	1.000000	0.850000	0.850000	0.048263	4203.317177
IND_COGEN_WOOD	0.001347	0.000049	25.000000	0.000000	0.000001	Infinity	0.000000	0.000000	1.000000	0.002990	0.850000	0.048263	0.000201
IND_COGEN_WASTE	0.001088	0.000040	25.000000	0.000000	0.000000	Infinity	0.000000	0.000000	1.000000	0.000447	0.850000	0.048263	0.000233
IND_BOILER_GAS	586.552795	11.751830	17.000000	0.000000	9.960143	Infinity	0.000000	0.248601	1.000000	0.130993	0.950000	0.067080	122.708956
IND_BOILER_WOOD	0.000972	0.000019	17.000000	0.000000	0.000008	Infinity	0.000000	0.000000	1.000000	0.003290	0.900000	0.067080	0.000244
IND_BOILER_OIL	0.000791	0.000017	17.000000	0.000000	0.000014	Infinity	0.000000	0.000000	1.000000	0.002986	0.950000	0.067080	0.000178
IND_BOILER_COAL	0.001012	0.000020	17.000000	0.000000	0.000009	Infinity	0.000000	0.000000	1.000000	0.004785	0.900000	0.067080	0.000423
IND_BOILER_WASTE	102.220820	2.044404	17.000000	0.000000	0.887488	Infinity	0.000000	0.086540	1.000000	0.511760	0.900000	0.067080	25.621767
IND_DIRECT_ELEC	4.843984	0.021974	15.000000	0.000000	0.014575	Infinity	0.000000	0.000250	1.000000	0.090098	0.950000	0.074944	0.021426
DHN_HP_ELEC	2155.991406	73.108710	25.000000	0.000000	6.094675	Infinity	0.000000	0.705506	1.000000	0.617047	0.950000	0.048263	1065.288305
DHN_COGEN_GAS	2600.432692	76.031356	25.000000	0.000000	2.025796	Infinity	0.000000	0.294494	1.000000	0.774907	0.850000	0.048263	994.422511
DHN_COGEN_WOOD	0.000922	0.000034	25.000000	0.000000	0.000001	Infinity	0.000000	0.000000	1.000000	0.001175	0.850000	0.048263	0.000138
DHN_COGEN_WASTE	0.000996	0.000037	25.000000	0.000000	0.000000	Infinity	0.000000	0.000000	1.000000	0.000360	0.850000	0.048263	0.000214
DHN_COGEN_WET_BIOMASS	0.000925	0.000075	25.000000	0.000000	0.000001	Infinity	0.000000	0.000000	1.000000	0.002091	0.750000	0.048263	0.000674
DHN_COGEN_BIO_HYDROLYSIS	0.000749	0.000037	15.000000	0.000000	0.000000	Infinity	0.000000	0.000000	1.000000	0.000266	0.850000	0.074944	0.000104
DHN_BOILER_GAS	0.000162	0.000003	17.000000	0.000000	0.000003	Infinity	0.000000	0.000000	1.000000	0.001765	0.950000	0.067080	0.000034
DHN_BOILER_WOOD	0.000334	0.000007	17.000000	0.000000	0.000003	Infinity	0.000000	0.000000	1.000000	0.001570	0.900000	0.067080	0.000084
DHN_BOILER_OIL	0.000139	0.000003	17.000000	0.000000	0.000003	Infinity	0.000000	0.000000	1.000000	0.001335	0.950000	0.067080	0.000031
DHN_DEEP_GEO	0.000000	0.000000	30.000000	0.000000	0.000000	0.000000	0.000000	0.000000	1.000000	0.000000	0.850000	0.041639	0.000000
DHN_SOLAR	0.000687	0.000001	30.000000	0.000000	0.000002	Infinity	0.000000	0.000000	1.000000	0.001067	1.000000	0.041639	0.000414
DEC_HP_ELEC	9447.747245	393.917994	18.000000	0.000000	18.712857	Infinity	0.000000	0.961689	1.000000	0.449254	1.000000	0.063806	3085.562992
DEC_THHP_GAS	241.614370	7.061640	20.000000	0.000000	0.745908	Infinity	0.000000	0.038311	1.000000	0.448986	1.000000	0.058246	284.884467
DEC_COGEN_GAS	0.002370	0.000152	20.000000	0.000000	0.000002	Infinity	0.000000	0.000000	1.000000	0.005467	1.000000	0.058246	0.001685
DEC_COGEN_OIL	0.001704	0.000105	20.000000	0.000000	0.000001	Infinity	0.000000	0.000000	1.000000	0.002080	1.000000	0.058246	0.001307
DEC_ADVCOGEN_GAS	0.002917	0.000054	20.000000	0.000000	0.000000	Infinity	0.000000	0.000000	1.000000	0.001220	1.000000	0.058246	0.000823
DEC_ADVCOGEN_H2	0.002035	0.000038	20.000000	0.000000	0.000000	Infinity	0.000000	0.000000	1.000000	0.000396	1.000000	0.058246	0.000574
DEC_BOILER_GAS	0.001487	0.000045	17.000000	0.000000	0.000009	Infinity	0.000000	0.000000	1.000000	0.002856	1.000000	0.067080	0.000198
DEC_BOILER_WOOD	0.001740	0.000061	17.000000	0.000000	0.000004	Infinity	0.000000	0.000000	1.000000	0.002480	1.000000	0.067080	0.000079
DEC_BOILER_OIL	0.001116	0.000067	17.000000	0.000000	0.000008	Infinity	0.000000	0.000000	1.000000	0.002197	1.000000	0.067080	0.000165
DEC_SOLAR	0.010286	0.000114	20.000000	0.000000	0.000014	Infinity	0.000000	0.000000	1.000000	0.006849	1.000000	0.058246	0.003120
DEC_DIRECT_ELEC	0.001522	0.000007	15.000000	0.000000	0.000037	Infinity	0.000000	0.000000	1.000000	0.000993	1.000000	0.074944	0.000055
TRAMWAY_TROLLEY	4725.034518	94.500690	30.000000	0.000000	7.560055	Infinity	0.000000	0.300000	0.300000	0.342470	0.342470	0.041639	0.000000
BUS_COACH_DIESEL	0.000109	0.000005	15.000000	0.000000	0.000000	Infinity	0.000000	0.000000	1.000000	0.000526	0.296800	0.074944	0.000000
BUS_COACH_HYDIESEL	0.000145	0.000006	15.000000	0.000000	0.000000	Infinity	0.000000	0.000000	1.000000	0.000520	0.296800	0.074944	0.000000
BUS_COACH_CNG_STOICH	3529.061700	177.697940	15.000000	0.000000	5.815569	Infinity	0.000000	0.200000	1.000000	0.296800	0.296800	0.074944	0.000000
BUS_COACH_FC_HYBRIDH2	0.000213	0.000008	15.000000	0.000000	0.000000	Infinity	0.000000	0.000000	1.000000	0.000718	0.296800	0.074944	0.000000
BUS_COACH_ELECTRIC	0.000970	0.000041	15.000000	0.000000	0.000001	Infinity	0.000000	0.000000	1.000000	0.003929	0.296800	0.074944	0.000000
TRAIN_PUB	23625.649735	852.657347	40.000000	0.000000	15.687474	Infinity	0.000000	0.500000	0.500000	0.275070	0.275070	0.033427	0.000000
CAR_GASOLINE	41676.000006	2400.000000	10.000000	100.000000	100.000000	Infinity	0.000000	0.595228	1.000000	0.051370	0.051370	0.108434	0.000000
CAR_DIESEL	0.000093	0.000005	10.000000	0.000000	0.000000	Infinity	0.000000	0.000000	1.000000	0.000115	0.051370	0.108434	0.000000
CAR_NG	0.000187	0.000011	10.000000	0.000000	0.000000	Infinity	0.000000	0.000000	1.000000	0.000231	0.051370	0.108434	0.000000
CAR_METHANOL	0.000137	0.000008	10.000000	0.000000	0.000000	Infinity	0.000000	0.000000	1.000000	0.000173	0.051370	0.108434	0.000000
CAR_HEV	0.000095	0.000008	10.000000	0.000000	0.000000	Infinity	0.000000	0.000000	1.000000	0.000119	0.051370	0.108434	0.000000
CAR_PHEV	0.041415	0.003066	10.000000	0.000000	0.000090	Infinity	0.000000	0.000000	1.000000	0.026511	0.051370	0.108434	0.000000
CAR_BEV	30293.210324	680.028068	10.000000	0.000000	68.002807	Infinity	0.000000	0.404772	1.000000	0.051370	0.051370	0.108434	0.000000
CAR_FUEL_CELL	0.000046	0.000001	10.000000	0.000000	0.000000	Infinity	0.000000	0.000000	1.000000	0.000000	0.051370	0.108434	0.000000
TRAIN_FREIGHT	737.033463	14.740046	40.000000	0.000000	7.058355	Infinity	0.000000	1.000000	1.000000	0.342470	0.342470	0.033427	0.000000
BOAT_FREIGHT_DIESEL	0.000184	0.000009	40.000000	0.000000	0.000002	Infinity	0.000000	0.000000	1.000000	0.002758	0.114160	0.033427	0.000000
BOAT_FREIGHT_NG	0.000081	0.000004	40.000000	0.000000	0.000001	Infinity	0.000000	0.000000	1.000000	0.001170	0.114160	0.033427	0.000000
BOAT_FREIGHT_METHANOL	1924.757049	97.049539	40.000000	0.000000	25.409334	Infinity	0.000000	1.000000	1.000000	0.114160	0.114160	0.033427	0.000000
TRUCK_DIESEL	16928.000008	853.555556	15.000000	46.000000	46.000000	Infinity	0.000000	0.978863	1.000000	0.092590	0.092590	0.074944	0.000000
TRUCK_METHANOL	0.000037	0.000002	15.000000	0.000000	0.000000	Infinity	0.000000	0.000000	1.000000	0.000088	0.092590	0.074944	0.000000
TRUCK_FUEL_CELL	0.000046	0.000001	15.000000	0.000000	0.000000	Infinity	0.000000	0.000000	1.000000	0.000080	0.092590	0.074944	0.000000
TRUCK_ELEC	441.899133	22.977805	15.000000	0.000000	0.993277	Infinity	0.000000	0.021137	1.000000	0.092590	0.092590	0.074944	0.000000
TRUCK_NG	0.000068	0.000003	15.000000	0.000000	0.000000	Infinity	0.000000	0.000000	1.000000	0.000169	0.092590	0.074944	0.000000
HABER_BOSCH	286.913260	5.609542	20.000000	0.000000	0.330492	Infinity	0.000000	1.000000	1.000000	0.328116	1.000000	0.058246	0.000000
SYN_METHANOLATION	0.001265	0.000036	20.000000	0.000000	0.000001	Infinity	0.000000	0.161256	1.000000	0.000971	0.950000	0.058246	0.000000
METHANE_TO_METHANOL	0.001862	0.000081	25.000000	0.000000	0.000002	Infinity	0.000000	0.710636	1.000000	0.004281	0.850000	0.048263	0.000000
BIOMASS_TO_METHANOL	0.001391	0.000021	20.000000	0.000000	0.000001	Infinity	0.000000	0.128108	1.000000	0.000772	1.000000	0.058246	0.000000
OIL_TO_HVC	0.001201	0.000006	20.000000	0.000000	0.000003	Infinity	0.000000	0.000000	1.000000	0.001693	1.000000	0.058246	0.000000
GAS_TO_HVC	0.001588	0.000040	20.000000	0.000000	0.000002	Infinity	0.000000	0.000000	1.000000	0.001840	1.000000	0.058246	0.000000
METHANOL_TO_HVC	3375.330166	303.780139	20.000000	0.000000	4.723384	Infinity	0.000000	1.000000	1.000000	1.000000	1.000000	0.058246	0.000000
ADLIBIO_TO_HVC	0.001423	0.000031	20.000000	0.000000	0.000002	Infinity	0.000000	0.000000	1.000000	0.002609	1.000000	0.058246	0.001455
PHS	294.000022	0.000000	50.000000	5.000000	5.000000	6.500000	0.000000	-1.000000	1.000000	0.022709	1.000000	0.028572	
BATT_LI	0.006879	0.000011	15.000000	0.000000	0.000020	Infinity	0.000000	-1.000000	1.000000	0.005372	1.000000	0.074944	
BEV_BATT	0.000000	0.000000	1.000000	0.000000	67.463102	Infinity	0.000000	-1.000000	1.000000	0.005101	1.000000	1.015000	
PHEV_BATT	0.000000	0.000000	1.000000	0.000000	0.000018	Infinity	0.000000	-1.000000	1.000000	0.001344	1.000000	1.015000	
TS_DEC_DIRECT_ELEC	0.004931	0.000035	20.000000	0.000000	0.000260	Infinity	0.000000	-1.000000	1.000000	0.000403	1.000000	0.058246	
TS_DEC_HP_ELEC	1085.282344	7.597703	20.000000	0.000000	57.210456	Infinity	0.000000	-1.000000	1.000000	0.029285	1.000000	0.058246	
TS_DEC_THHP_GAS	30.039194	0.210294	20.000000	0.000000	1.583510	Infinity	0.000000	-1.000000	1.000000	0.040178	1.000000	0.058246	
TS_DEC_COGEN_GAS	0.004912	0.000034	20.000000	0.000000	0.000259	Infinity	0.000000	-1.000000	1.000000	0.000537	1.000000	0.058246	
TS_DEC_COGEN_OIL	0.004829	0.000034	20.000000	0.000000	0.000255	Infinity	0.000000	-1.000000	1.000000	0.000480	1.000000	0.058246	
TS_DEC_ADVCOGEN_GAS	0.004910	0.000034	20.000000	0.000000	0.000259	Infinity	0.000000	-1.000000	1.000000	0.000420	1.000000	0.058246	
TS_DEC_ADVCOGEN_H2	0.004890	0.000034	20.000000	0.000000	0.000258	Infinity	0.000000	-1.000000	1.000000	0.000245	1.000000	0.058246	
TS_DEC_BOILER_GAS	0.004923	0.000034	20.000000	0.000000	0.000260	Infinity	0.000000	-1.000000	1.000000	0.000659	1.000000	0.058246	
TS_DEC_BOILER_WOOD	0.004925	0.000034	20.000000	0.000000	0.000260	Infinity	0.000000	-1.000000	1.000000	0.000614	1.000000	0.058246	
TS_DEC_BOILER_OIL	0.004920	0.000034	20.000000	0.000000	0.000259	Infinity	0.000000	-1.000000	1.000000	0.000507	1.000000	0.058246	
TS_DHN_DAILY	0.008064	0.000023	40.000000	0.000000	0.002688	Infinity	0.000000	-1.000000	1.000000	0.001334	1.000000	0.033427	
TS_DHN_SEASONAL	398.767074	2.175093	25.000000	0.000000	725.031043	Infinity	0.000000	-1.000000	1.000000	0.001528	1.000000	0.048263	
TS_HIGH_TEMP	376.730204	4.032075	25.000000	0.000000	13.440250	Infinity	0.000000	-1.000000	1.000000	0.022449	1.000000	0.048263	
GAS_STORAGE	9.295214	0.243379	50.000000	0.000000	185.904270	Infinity	0.000000	-1.000000	1.000000	0.000262	1.000000	0.028572	
H2_STORAGE	58.862727	3.708637	20.000000	0.000000	9.509326	Infinity	0.000000	-1.000000	1.000000	0.007968	1.000000	0.058246	
DIESEL_STORAGE	4840.771266	192.178619	20.000000	0.000000	484077.126587	Infinity	0.000000	-1.000000	1.000000	0.000002	1.000000	0.058246	
GASOLINE_STORAGE	4120.317047	163.576587	20.000000	0.000000	412031.704742	Infinity	0.000000	-1.000000	1.000000	0.000002	1.000000	0.058246	
LFO_STORAGE	9715.311403	385.697863	20.000000	0.000000	971531.140299	Infinity	0.000000	-1.000000	1.000000	0.000000	1.000000	0.058246	
AMMONIA_STORAGE	0.000043	0.000002	20.000000	0.000000	0.004305	Infinity	0.000000	-1.000000	1.000000	0.000123	1.000000	0.058246	
METHANOL_STORAGE	0.000002	0.000000	20.000000	0.000000	0.000244	Infinity	0.000000	-1.000000	1.000000	0.000003	1.000000	0.058246	
CO2_STORAGE	0.070825	0.000708	30.000000	0.000000	0.001431	Infinity	0.000000	-1.000000	1.000000	0.000002	1.000000	0.041639	
ADLIBIO_TO_FUEL	2117.834941	38.506090	20.000000	0.000000	2.962007	Infinity	0.000000	-1.000000	1.000000	0.893371	1.000000	0.058246	
AMMONIA_TO_H2	0.000653	0.000060	25.000000	0.000000	0.000001	Infinity	0.000000	-1.000000	1.000000	0.000586	0.860000	0.048263	
ATM_CCS	0.001221	0.000030	40.000000	0.000000	0.000000	Infinity	0.000000	-1.000000	1.000000	0.000260	1.000000	0.033427	
BIO_HYDROLYSIS	3763.387431	256.590422	15.000000	0.000000	2.306506	Infinity	0.000000	-1.000000	1.000000	0.701584	0.850000	0.074944	
BIOMETHANATION	348.268981	4.824338	20.000000	0.000000	0.344596	Infinity	0.000000	-1.000000	1.000000	0.533420	0.850000	0.058246	
DHN	6743.131456	0.000000	60.000000	0.000000	8.164784	Infinity	0.000000	-1.000000	1.000000	0.000000	1.000000	0.025393	
EFFICIENCY	5517.241379	0.000000	1.000000	0.000000	0.985222	Infinity	0.000000	-1.000000	1.000000	0.000000	1.000000	1.015000	
GASIFICATION_SNG	0.000927	0.000065	25.000000	0.000000	0.000000	Infinity	0.000000	-1.000000	1.000000	0.001235	0.850000	0.048263	
GRID	94465.604408	0.000000	80.000000	0.000000	1.260902	Infinity	0.000000	-1.000000	1.000000	0.000000	1.000000	0.021548	
H2_BIOMASS	1666.446764	117.399603	25.000000	0.000000	0.599890	Infinity	0.000000	-1.000000	1.000000	0.860000	0.860000	0.048263	
H2_ELECTROLYSIS	0.002449	0.000067	15.000000	0.000000	0.000003	Infinity	0.000000	-1.000000	1.000000	0.006407	0.900000	0.074944	
INDUSTRY_CCS	0.001040	0.000026	40.000000	0.000000	0.000000	Infinity	0.000000	-1.000000	1.000000	0.000190	1.000000	0.033427	
REDIFUEL	0.001230	0.000033	20.000000	0.000000	0.000000	Infinity	0.000000	-1.000000	1.000000	0.000328	1.000000	0.058246	
SMR	0.004051	0.000374	25.000000	0.000000	0.000006	Infinity	0.000000	-1.000000	1.000000	0.030926	0.860000	0.048263	
SYN_METHANATION	0.000328	0.000084	40.000000	0.000000	0.000001	Infinity	0.000000	-1.000000	1.000000	0.000872	1.000000	0.033427	