Name	LCA_tech	LCA_res	LCA_op
NUCLEAR	0.000000	0.000000	0.000000
CCGT	0.000038	0.000000	0.008068
CCGT_AMMONIA	0.000000	0.000000	0.000003
COAL_US	0.000000	0.000000	0.000000
COAL_IGCC	0.000000	0.000000	0.000000
PV	966.936476	0.000000	0.000000
WIND_ONSHORE	133.608576	0.000000	2.131568
WIND_OFFSHORE	118.263243	0.000000	3.025945
HYDRO_RIVER	3.051277	0.000000	0.009548
GEOTHERMAL	0.000000	0.000000	0.000000
IND_COGEN_GAS	54.011476	0.000000	11623.273202
IND_COGEN_WOOD	0.000006	0.000000	0.002605
IND_COGEN_WASTE	0.000004	0.000000	0.001009
IND_BOILER_GAS	5.343083	0.000000	3358.397817
IND_BOILER_WOOD	0.000022	0.000000	0.002488
IND_BOILER_OIL	0.000009	0.000000	0.002094
IND_BOILER_COAL	0.000057	0.000000	0.004336
IND_BOILER_WASTE	11.363152	0.000000	4904.495620
IND_DIRECT_ELEC	0.079808	0.000000	0.000000
DHN_HP_ELEC	28.968921	0.000000	426.217873
DHN_COGEN_GAS	14.239062	0.000000	5805.234974
DHN_COGEN_WOOD	0.000000	0.000000	0.001187
DHN_COGEN_WASTE	0.000003	0.000000	0.000869
DHN_COGEN_WET_BIOMASS	0.000079	0.000000	0.005430
DHN_COGEN_BIO_HYDROLYSIS	0.000001	0.000000	0.000644
DHN_BOILER_GAS	0.000002	0.000000	0.000483
DHN_BOILER_WOOD	0.000005	0.000000	0.001048
DHN_BOILER_OIL	0.000002	0.000000	0.000457
DHN_DEEP_GEO	0.000000	0.000000	0.000000
DHN_SOLAR	0.000057	0.000000	0.000000
DEC_HP_ELEC	132.956323	0.000000	1351.293522
DEC_THHP_GAS	0.002619	0.000000	0.087661
DEC_COGEN_GAS	0.000036	0.000000	0.002223
DEC_COGEN_OIL	0.000116	0.000000	0.007126
DEC_ADVCOGEN_GAS	0.000024	0.000000	0.001668
DEC_ADVCOGEN_H2	0.000005	0.000000	0.000005
DEC_BOILER_GAS	0.000023	0.000000	0.000871
DEC_BOILER_WOOD	0.000019	0.000000	0.001811
DEC_BOILER_OIL	0.000015	0.000000	0.001249
DEC_SOLAR	0.000406	0.000000	0.000000
DEC_DIRECT_ELEC	0.000005	0.000000	0.000000
TRAMWAY_TROLLEY	6.777624	0.000000	0.000000
BUS_COACH_DIESEL	0.000007	0.000000	0.000145
BUS_COACH_HYDIESEL	0.000007	0.000000	0.000113
BUS_COACH_CNG_STOICH	70.532453	0.000000	1113.870296
BUS_COACH_FC_HYBRIDH2	0.000006	0.000000	0.000014
BUS_COACH_ELECTRIC	0.000013	0.000000	0.000017
TRAIN_PUB	20.546126	0.000000	4.412861
CAR_GASOLINE	807.192494	0.000000	3184.409547
CAR_DIESEL	0.000006	0.000000	0.000049
CAR_NG	0.000004	0.000000	0.000013
CAR_METHANOL	0.000005	0.000000	0.000046
CAR_HEV	0.000004	0.000000	0.000040
CAR_PHEV	0.002424	0.000000	0.001311
CAR_BEV	2866.914522	0.000000	455.304829
CAR_FUEL_CELL	0.000009	0.000000	0.000005
TRAIN_FREIGHT	28.944183	0.000000	48.205788
BOAT_FREIGHT_DIESEL	0.000000	0.000000	0.000021
BOAT_FREIGHT_NG	0.000000	0.000000	0.000040
BOAT_FREIGHT_METHANOL	19.784967	0.000000	857.364078
TRUCK_DIESEL	337.456016	0.000000	3930.810550
TRUCK_METHANOL	0.000019	0.000000	0.000280
TRUCK_FUEL_CELL	0.000008	0.000000	0.000002
TRUCK_ELEC	188.027675	0.000000	3.600511
TRUCK_NG	0.000281	0.000000	0.003591
HABER_BOSCH	0.000494	0.000000	0.000024
SYN_METHANOLATION	0.000004	0.000000	0.000007
METHANE_TO_METHANOL	0.000003	0.000000	0.000016
BIOMASS_TO_METHANOL	0.000017	0.000000	0.000643
OIL_TO_HVC	0.000059	0.000000	0.000777
GAS_TO_HVC	0.000065	0.000000	0.000533
METHANOL_TO_HVC	199.452308	0.000000	0.000000
ADLIBIO_TO_HVC	0.000061	0.000000	0.002923
PHS	546.176909	0.000000	0.000000
BATT_LI	0.000182	0.000000	0.000000
BEV_BATT	0.000000	0.000000	0.000000
PHEV_BATT	0.001988	0.000000	0.000000
TS_DEC_DIRECT_ELEC	0.000103	0.000000	0.000000
TS_DEC_HP_ELEC	17.169898	0.000000	0.000000
TS_DEC_THHP_GAS	0.000148	0.000000	0.000000
TS_DEC_COGEN_GAS	0.000104	0.000000	0.000000
TS_DEC_COGEN_OIL	0.000104	0.000000	0.000000
TS_DEC_ADVCOGEN_GAS	0.000100	0.000000	0.000000
TS_DEC_ADVCOGEN_H2	0.000104	0.000000	0.000000
TS_DEC_BOILER_GAS	0.000104	0.000000	0.000000
TS_DEC_BOILER_WOOD	0.000106	0.000000	0.000000
TS_DEC_BOILER_OIL	0.000103	0.000000	0.000000
TS_DHN_DAILY	0.000549	0.000000	0.000000
TS_DHN_SEASONAL	159.161504	0.000000	0.000000
TS_HIGH_TEMP	6.463137	0.000000	0.000000
GAS_STORAGE	279.515260	0.000000	0.000000
H2_STORAGE	1.843036	0.000000	0.000000
DIESEL_STORAGE	0.004351	0.000000	0.000000
GASOLINE_STORAGE	0.779004	0.000000	0.000000
LFO_STORAGE	0.004398	0.000000	0.000000
AMMONIA_STORAGE	0.024560	0.000000	0.000000
METHANOL_STORAGE	0.022351	0.000000	0.000000
CO2_STORAGE	0.001248	0.000000	0.000000
ADLIBIO_TO_FUEL	61.749839	0.000000	347.647762
AMMONIA_TO_H2	0.000004	0.000000	0.000000
ATM_CCS	0.000007	0.000000	-0.000202
BIO_HYDROLYSIS	13.806504	0.000000	10051.908203
BIOMETHANATION	1.776645	0.000000	70.302034
DHN	0.000000	0.000000	0.000000
EFFICIENCY	0.000000	0.000000	0.000000
GASIFICATION_SNG	0.000000	0.000000	0.000601
GRID	22.576584	0.000000	0.000000
H2_BIOMASS	2.136457	0.000000	1.407369
H2_ELECTROLYSIS	0.000023	0.000000	0.000001
INDUSTRY_CCS	0.000000	0.000000	0.000143
REDIFUEL	0.000002	0.000000	0.000314
SMR	0.000000	0.000000	0.004556
SYN_METHANATION	0.000001	0.000000	0.000000
AMMONIA	0.000000	-0.039172	0.000000
AMMONIA_RE_BE	0.000000	0.000000	0.000000
AMMONIA_RE_IMPORT	0.000000	773.350186	0.000000
BIODIESEL	0.000000	-0.000120	0.000000
BIODIESEL_BE	0.000000	0.000000	0.000000
BIOETHANOL	0.000000	-0.000056	0.000000
CO2_ATM	0.000000	0.000000	0.000000
CO2_CAPTURED	0.000000	0.000000	0.000000
CO2_EMISSIONS	0.000000	0.000000	0.000000
CO2_INDUSTRY	0.000000	0.000000	0.000000
COAL	0.000000	0.000493	0.000000
DIESEL	0.000000	521.323753	0.000000
ELEC_EXPORT	0.000000	0.000000	0.000000
ELECTRICITY	0.000000	1100.911988	0.000000
GAS	0.000000	6069.257581	0.000000
GAS_RE_BE	0.000000	0.000000	0.000000
GAS_RE_IMPORT	0.000000	-0.000000	0.000000
GASOLINE	0.000000	0.000165	0.000000
H2	0.000000	0.000006	0.000000
H2_RE_BE	0.000000	0.000000	0.000000
H2_RE_IMPORT	0.000000	242.639200	0.000000
LFO	0.000000	0.000434	0.000000
LFO_RE_BE	0.000000	0.000000	0.000000
METHANOL	0.000000	4217.344973	0.000000
METHANOL_RE_BE	0.000000	0.000000	0.000000
METHANOL_RE_IMPORT	0.000000	-0.000053	0.000000
RES_GEO	0.000000	0.000000	0.000000
RES_HYDRO	0.000000	0.000000	0.000000
RES_SOLAR	0.000000	0.000000	0.000000
RES_WIND	0.000000	0.000000	0.000000
URANIUM	0.000000	0.000000	0.000000
WASTE	0.000000	0.000000	0.000000
WET_BIOMASS	0.000000	-16198.326811	0.000000
WOOD	0.000000	-7496.774792	0.000000
WOOD_PRODUCTION	0.000000	-1900.833240	0.000000
