Name	Crit_3_tech	Crit_3_res	Crit_3_op
PT_POWER_BLOCK	0.000000	0.000000	0.000000
ST_POWER_BLOCK	0.000000	0.000000	0.000000
HYDRO_DAM	0.000000	0.000000	0.000000
TIDAL	0.000000	0.000000	0.000000
WAVE	0.000000	0.000000	0.000000
NUCLEAR	9.192089	0.000000	1795.818018
CCGT	0.000002	0.000000	0.000001
CCGT_AMMONIA	0.000002	0.000000	0.000001
COAL_US	0.000000	0.000000	0.000000
COAL_IGCC	0.000000	0.000000	0.000000
PV	0.000020	0.000000	0.000000
WIND_ONSHORE	0.000035	0.000000	0.000001
WIND_OFFSHORE	0.000000	0.000000	0.000000
HYDRO_RIVER	41.974078	0.000000	0.486564
GEOTHERMAL	0.000068	0.000000	0.000000
IND_COGEN_GAS	0.000002	0.000000	0.000001
IND_COGEN_WOOD	0.000003	0.000000	0.000010
IND_COGEN_WASTE	0.000003	0.000000	0.000090
IND_BOILER_GAS	0.000001	0.000000	0.000000
IND_BOILER_WOOD	0.000012	0.000000	0.000033
IND_BOILER_OIL	0.000001	0.000000	0.000000
IND_BOILER_COAL	6.507628	0.000000	7.130815
IND_BOILER_WASTE	0.000014	0.000000	0.000117
IND_DIRECT_ELEC	0.000000	0.000000	0.000000
DHN_HP_ELEC	4.932574	0.000000	1.002142
DHN_COGEN_GAS	0.000001	0.000000	0.000001
DHN_COGEN_WOOD	0.000001	0.000000	0.000007
DHN_COGEN_WASTE	0.000003	0.000000	0.000082
DHN_COGEN_WET_BIOMASS	0.000029	0.000000	0.000021
DHN_COGEN_BIO_HYDROLYSIS	0.000001	0.000000	0.000137
DHN_BOILER_GAS	0.000000	0.000000	0.000000
DHN_BOILER_WOOD	0.000005	0.000000	0.000024
DHN_BOILER_OIL	0.000000	0.000000	0.000000
DHN_DEEP_GEO	0.000000	0.000000	0.000000
DHN_SOLAR	0.000034	0.000000	0.000000
DEC_HP_ELEC	19.816737	0.000000	2.917450
DEC_THHP_GAS	0.000079	0.000000	0.000000
DEC_COGEN_GAS	0.000004	0.000000	0.000001
DEC_COGEN_OIL	0.000003	0.000000	0.000002
DEC_ADVCOGEN_GAS	0.000007	0.000000	0.000004
DEC_ADVCOGEN_H2	0.000007	0.000000	0.000003
DEC_BOILER_GAS	0.000004	0.000000	0.000000
DEC_BOILER_WOOD	0.000007	0.000000	0.000036
DEC_BOILER_OIL	0.000003	0.000000	0.000000
DEC_SOLAR	0.000414	0.000000	0.000000
DEC_DIRECT_ELEC	0.024611	0.000000	0.000000
DEC_THHP_GAS_COLD	0.000000	0.000000	0.000000
DEC_ELEC_COLD	0.000000	0.000000	0.000000
TRAMWAY_TROLLEY	0.000000	0.000000	0.000000
BUS_COACH_DIESEL	0.000000	0.000000	0.000000
BUS_COACH_HYDIESEL	0.000000	0.000000	0.000000
BUS_COACH_CNG_STOICH	0.000000	0.000000	0.000000
BUS_COACH_FC_HYBRIDH2	0.000000	0.000000	0.000000
BUS_COACH_ELECTRIC	0.000000	0.000000	0.000000
TRAIN_PUB	55.083440	0.000000	0.000000
IND_ELEC_COLD	0.000000	0.000000	0.000000
CAR_GASOLINE	0.000003	0.000000	0.000000
CAR_DIESEL	0.000002	0.000000	0.000000
CAR_NG	0.000002	0.000000	0.000000
CAR_METHANOL	0.000002	0.000000	0.000000
CAR_HEV	0.000002	0.000000	0.000000
CAR_PHEV	0.000861	0.000000	0.000051
CAR_BEV	8682.658856	0.000000	573.706054
CAR_FUEL_CELL	0.000002	0.000000	0.000000
TRAIN_FREIGHT	5.244764	0.000000	0.000000
BOAT_FREIGHT_DIESEL	0.000000	0.000000	0.000000
BOAT_FREIGHT_NG	0.000000	0.000000	0.000000
BOAT_FREIGHT_METHANOL	0.000000	0.000000	0.000000
TRUCK_DIESEL	0.000033	0.000000	0.000000
TRUCK_METHANOL	0.000019	0.000000	0.000000
TRUCK_FUEL_CELL	466.026802	0.000000	0.086928
TRUCK_ELEC	0.000001	0.000000	0.000000
TRUCK_NG	0.000012	0.000000	0.000000
HABER_BOSCH	0.726801	0.000000	33.986225
OIL_TO_HVC	0.000074	0.000000	0.000000
GAS_TO_HVC	0.000040	0.000000	0.000000
METHANOL_TO_HVC	3.298557	0.000000	0.000000
ADLIBIO_TO_HVC	0.000024	0.000000	0.000005
SYN_METHANOLATION	0.000055	0.000000	0.000188
METHANE_TO_METHANOL	0.227599	0.000000	22.687215
BIOMASS_TO_METHANOL	0.000047	0.000000	0.000243
DAM_STORAGE	0.000000	0.000000	0.000000
PHS	15603.493634	0.000000	0.000000
BATT_LI	0.000176	0.000000	0.000000
BEV_BATT	0.000000	0.000000	0.000000
PHEV_BATT	0.003817	0.000000	0.000000
TS_DEC_DIRECT_ELEC	0.000158	0.000000	0.000000
TS_DEC_HP_ELEC	9.012262	0.000000	0.000000
TS_DEC_THHP_GAS	0.000032	0.000000	0.000000
TS_DEC_COGEN_GAS	0.000031	0.000000	0.000000
TS_DEC_COGEN_OIL	0.000031	0.000000	0.000000
TS_DEC_ADVCOGEN_GAS	0.000031	0.000000	0.000000
TS_DEC_ADVCOGEN_H2	0.000031	0.000000	0.000000
TS_DEC_BOILER_GAS	0.000031	0.000000	0.000000
TS_DEC_BOILER_WOOD	0.000031	0.000000	0.000000
TS_DEC_BOILER_OIL	0.000031	0.000000	0.000000
TS_DHN_DAILY	0.000182	0.000000	0.000000
TS_DHN_SEASONAL	112.167083	0.000000	0.000000
TS_HIGH_TEMP	0.000020	0.000000	0.000000
GAS_STORAGE	0.116044	0.000000	0.000000
H2_STORAGE	0.000649	0.000000	0.000000
DIESEL_STORAGE	410.690585	0.000000	0.000000
GASOLINE_STORAGE	385.731102	0.000000	0.000000
LFO_STORAGE	533.988614	0.000000	0.000000
AMMONIA_STORAGE	1.740397	0.000000	0.000000
METHANOL_STORAGE	58.970692	0.000000	0.000000
CO2_STORAGE	0.000160	0.000000	0.000000
PT_STORAGE	0.000000	0.000000	0.000000
ST_STORAGE	0.000000	0.000000	0.000000
TS_COLD	0.000000	0.000000	0.000000
CAES	0.000000	0.000000	0.000000
ADLIBIO_TO_FUEL	0.000036	0.000000	0.000007
AMMONIA_TO_H2	0.000009	0.000000	0.000000
ATM_CCS	0.000000	0.000000	0.000000
BIO_HYDROLYSIS	0.000002	0.000000	0.000218
BIOMETHANATION	7.921146	0.000000	15.076809
DHN	0.000000	0.000000	0.000000
EFFICIENCY	0.000000	0.000000	0.000000
GASIFICATION_SNG	0.000000	0.000000	0.000027
GRID	21.523385	0.000000	0.000000
H2_BIOMASS	0.000000	0.000000	0.000003
H2_ELECTROLYSIS	15.442684	0.000000	8.078957
INDUSTRY_CCS	0.000000	0.000000	0.000011
REDIFUEL	0.000006	0.000000	0.000043
SMR	0.000000	0.000000	0.000048
SYN_METHANATION	0.000001	0.000000	0.000000
PT_COLLECTOR	0.000000	0.000000	0.000000
ST_COLLECTOR	0.000000	0.000000	0.000000
AMMONIA	0.000000	0.000439	0.000000
AMMONIA_RE_BE	0.000000	0.000000	0.000000
AMMONIA_RE_IMPORT	0.000000	0.000000	0.000000
BIODIESEL	0.000000	0.000000	0.000000
BIODIESEL_BE	0.000000	0.000000	0.000000
BIOETHANOL	0.000000	0.000000	0.000000
CO2_ATM	0.000000	0.000000	0.000000
CO2_CAPTURED	0.000000	0.000000	0.000000
CO2_EMISSIONS	0.000000	0.000000	0.000000
CO2_INDUSTRY	0.000000	0.000000	0.000000
COAL	0.000000	10763.845603	0.000000
DIESEL	0.000000	0.000423	0.000000
ELEC_EXPORT	0.000000	0.000000	0.000000
ELECTRICITY	0.000000	0.000217	0.000000
GAS	0.000000	0.000009	0.000000
GAS_RE_BE	0.000000	0.000000	0.000000
GAS_RE_IMPORT	0.000000	0.000000	0.000000
GASOLINE	0.000000	0.000210	0.000000
H2	0.000000	0.000003	0.000000
H2_RE_BE	0.000000	0.000000	0.000000
H2_RE_IMPORT	0.000000	0.000000	0.000000
LFO	0.000000	0.002719	0.000000
LFO_RE_BE	0.000000	0.000000	0.000000
METHANOL	0.000000	0.000369	0.000000
METHANOL_RE_BE	0.000000	0.000000	0.000000
METHANOL_RE_IMPORT	0.000000	0.000000	0.000000
RES_GEO	0.000000	0.000000	0.000000
RES_HYDRO	0.000000	0.000000	0.000000
RES_SOLAR	0.000000	0.000000	0.000000
RES_WIND	0.000000	0.000000	0.000000
URANIUM	0.000000	154.936664	0.000000
WASTE	0.000000	0.001566	0.000000
WET_BIOMASS	0.000000	68.447589	0.000000
WOOD	0.000000	0.000267	0.000000
WOOD_PRODUCTION	0.000000	0.000000	0.000000
PT_HEAT	0.000000	0.000000	0.000000
ST_HEAT	0.000000	0.000000	0.000000
