TECHNOLOGIES	 c_inv	 c_maint	 lifetime	  f_min	 f	 f_max	 fmin_perc	f_perc	 fmax_perc	 c_p	 c_p_max	 tau	 gwp_constr
 UNITS	[M€/GW]	 [M€/GW/y]	 [y]	 [GW or GWh]	 [GW or GWh]	 [GW or GWh]	 [0-1]	 [0-1]	 [0-1]	 [0-1]	 [0-1]	 [-]	 [ktCO2-eq./GW or GWh]
NUCLEAR	0.000000	0.000000	60.000000	0.000000	0.000000	0.000000	0.000000	0.000000	1.000000	0.000000	0.849000	0.025393	0.000000
CCGT	0.003255	0.000082	25.000000	0.000000	0.000004	Infinity	0.000000	0.000000	1.000000	0.014660	0.961540	0.048263	0.000789
CCGT_AMMONIA	0.000296	0.000007	25.000000	0.000000	0.000000	Infinity	0.000000	0.000000	1.000000	0.001820	0.630000	0.048263	0.000072
COAL_US	0.000000	0.000000	35.000000	0.000000	0.000000	0.000000	0.000000	0.000000	1.000000	0.000000	0.868000	0.036934	0.000000
COAL_IGCC	0.000000	0.000000	35.000000	0.000000	0.000000	0.000000	0.000000	0.000000	1.000000	0.000000	0.856000	0.036934	0.000000
PV	42367.514686	483.838391	25.000000	0.000000	59.174986	59.200000	0.000000	0.604064	1.000000	0.114780	1.000000	0.048263	123168.590993
WIND_ONSHORE	9992.200001	116.216471	30.000000	0.000000	10.000000	10.000000	0.000000	0.197592	1.000000	0.222172	1.000000	0.041639	6228.500001
WIND_OFFSHORE	28562.039403	198.720384	30.000000	0.000000	6.000000	6.000000	0.000000	0.193564	1.000000	0.362739	1.000000	0.041639	3737.099922
HYDRO_RIVER	580.165798	5.801152	40.000000	0.000000	0.115000	0.115000	0.000000	0.004780	1.000000	0.467359	1.000000	0.033427	145.224300
GEOTHERMAL	0.000000	0.000000	30.000000	0.000000	0.000000	0.000000	0.000000	0.000000	1.000000	0.000000	0.950000	0.041639	0.000000
IND_COGEN_GAS	3124.772836	200.857523	25.000000	0.000000	2.327508	Infinity	0.000000	0.485572	1.000000	0.847827	0.850000	0.048263	2384.113182
IND_COGEN_WOOD	0.000671	0.000025	25.000000	0.000000	0.000001	Infinity	0.000000	0.000000	1.000000	0.002561	0.850000	0.048263	0.000108
IND_COGEN_WASTE	0.000571	0.000021	25.000000	0.000000	0.000000	Infinity	0.000000	0.000000	1.000000	0.000400	0.850000	0.048263	0.000135
IND_BOILER_GAS	260.474158	5.218709	17.000000	0.000000	4.423063	Infinity	0.000000	0.186290	1.000000	0.171163	0.950000	0.067080	54.492131
IND_BOILER_WOOD	0.000492	0.000010	17.000000	0.000000	0.000004	Infinity	0.000000	0.000000	1.000000	0.002602	0.900000	0.067080	0.000123
IND_BOILER_OIL	0.000901	0.000019	17.000000	0.000000	0.000016	Infinity	0.000000	0.000000	1.000000	0.005193	0.950000	0.067080	0.000202
IND_BOILER_COAL	0.000915	0.000018	17.000000	0.000000	0.000008	Infinity	0.000000	0.000000	1.000000	0.007023	0.900000	0.067080	0.000383
IND_BOILER_WASTE	177.591373	3.551807	17.000000	0.000000	1.541859	Infinity	0.000000	0.171139	1.000000	0.451076	0.900000	0.067080	44.513483
IND_DIRECT_ELEC	1510.630182	6.852844	15.000000	0.000000	4.545436	Infinity	0.000000	0.156999	1.000000	0.140367	0.950000	0.074944	6.681791
DHN_HP_ELEC	2066.415317	70.071025	25.000000	0.000000	6.323761	Infinity	0.000000	0.758714	1.000000	0.615542	0.950000	0.048263	1105.330150
DHN_COGEN_GAS	1975.346732	57.755006	25.000000	0.000000	1.651434	Infinity	0.000000	0.241286	1.000000	0.749592	0.850000	0.048263	810.656114
DHN_COGEN_WOOD	0.000071	0.000003	25.000000	0.000000	0.000000	Infinity	0.000000	0.000000	1.000000	0.000781	0.850000	0.048263	0.000011
DHN_COGEN_WASTE	0.000424	0.000016	25.000000	0.000000	0.000000	Infinity	0.000000	0.000000	1.000000	0.000336	0.850000	0.048263	0.000100
DHN_COGEN_WET_BIOMASS	0.000407	0.000033	25.000000	0.000000	0.000000	Infinity	0.000000	0.000000	1.000000	0.000835	0.750000	0.048263	0.000318
DHN_COGEN_BIO_HYDROLYSIS	0.000202	0.000010	15.000000	0.000000	0.000000	Infinity	0.000000	0.000000	1.000000	0.000215	0.850000	0.074944	0.000030
DHN_BOILER_GAS	0.000223	0.000004	17.000000	0.000000	0.000004	Infinity	0.000000	0.000000	1.000000	0.002674	0.950000	0.067080	0.000047
DHN_BOILER_WOOD	0.000091	0.000002	17.000000	0.000000	0.000001	Infinity	0.000000	0.000000	1.000000	0.000738	0.900000	0.067080	0.000023
DHN_BOILER_OIL	0.000103	0.000002	17.000000	0.000000	0.000002	Infinity	0.000000	0.000000	1.000000	0.000940	0.950000	0.067080	0.000023
DHN_DEEP_GEO	0.000000	0.000000	30.000000	0.000000	0.000000	0.000000	0.000000	0.000000	1.000000	0.000000	0.850000	0.041639	0.000000
DHN_SOLAR	0.000203	0.000000	30.000000	0.000000	0.000001	Infinity	0.000000	0.000000	1.000000	0.000450	1.000000	0.041639	0.000128
DEC_HP_ELEC	8683.472884	362.053756	18.000000	0.000000	18.619278	Infinity	0.000000	0.977482	1.000000	0.450181	1.000000	0.063806	3070.132821
DEC_THHP_GAS	0.006842	0.000200	20.000000	0.000000	0.000023	Infinity	0.000000	0.000001	1.000000	0.102236	1.000000	0.058246	0.008734
DEC_COGEN_GAS	0.001577	0.000101	20.000000	0.000000	0.000001	Infinity	0.000000	0.000000	1.000000	0.004486	1.000000	0.058246	0.001203
DEC_COGEN_OIL	0.002965	0.000182	20.000000	0.000000	0.000002	Infinity	0.000000	0.000000	1.000000	0.003074	1.000000	0.058246	0.002440
DEC_ADVCOGEN_GAS	0.002492	0.000046	20.000000	0.000000	0.000000	Infinity	0.000000	0.000000	1.000000	0.001794	1.000000	0.058246	0.000884
DEC_ADVCOGEN_H2	2621.642886	48.857728	20.000000	0.000000	0.424047	Infinity	0.000000	0.022516	1.000000	0.455327	1.000000	0.058246	930.126599
DEC_BOILER_GAS	0.001409	0.000042	17.000000	0.000000	0.000009	Infinity	0.000000	0.000000	1.000000	0.001761	1.000000	0.067080	0.000187
DEC_BOILER_WOOD	0.000619	0.000022	17.000000	0.000000	0.000001	Infinity	0.000000	0.000000	1.000000	0.002118	1.000000	0.067080	0.000028
DEC_BOILER_OIL	0.001010	0.000061	17.000000	0.000000	0.000007	Infinity	0.000000	0.000000	1.000000	0.001891	1.000000	0.067080	0.000150
DEC_SOLAR	0.010990	0.000122	20.000000	0.000000	0.000016	Infinity	0.000000	0.000000	1.000000	0.009891	1.000000	0.058246	0.003479
DEC_DIRECT_ELEC	0.001734	0.000008	15.000000	0.000000	0.000045	Infinity	0.000000	0.000000	1.000000	0.002268	1.000000	0.074944	0.000066
TRAMWAY_TROLLEY	4892.982625	97.859652	30.000000	0.000000	7.828772	Infinity	0.000000	0.300000	0.300000	0.342470	0.342470	0.041639	0.000000
BUS_COACH_DIESEL	0.000082	0.000004	15.000000	0.000000	0.000000	Infinity	0.000000	0.000000	1.000000	0.000580	0.296800	0.074944	0.000000
BUS_COACH_HYDIESEL	0.000147	0.000006	15.000000	0.000000	0.000000	Infinity	0.000000	0.000000	1.000000	0.000712	0.296800	0.074944	0.000000
BUS_COACH_CNG_STOICH	0.000249	0.000012	15.000000	0.000000	0.000000	Infinity	0.000000	0.000000	1.000000	0.001411	0.296800	0.074944	0.000000
BUS_COACH_FC_HYBRIDH2	0.000704	0.000028	15.000000	0.000000	0.000001	Infinity	0.000000	0.000000	1.000000	0.004921	0.296800	0.074944	0.000000
BUS_COACH_ELECTRIC	14730.010284	658.686585	15.000000	0.000000	21.077971	Infinity	0.000000	0.699999	1.000000	0.296800	0.296800	0.074944	0.000000
TRAIN_PUB	0.018909	0.000682	40.000000	0.000000	0.000013	Infinity	0.000000	0.000000	0.500000	0.043496	0.275070	0.033427	0.000000
CAR_GASOLINE	0.000000	0.000000	10.000000	0.000000	0.000000	0.000000	0.000000	0.000000	1.000000	0.000000	0.051370	0.108434	0.000000
CAR_DIESEL	0.000055	0.000003	10.000000	0.000000	0.000000	Infinity	0.000000	0.000000	1.000000	0.000201	0.051370	0.108434	0.000000
CAR_NG	0.000093	0.000005	10.000000	0.000000	0.000000	Infinity	0.000000	0.000000	1.000000	0.000232	0.051370	0.108434	0.000000
CAR_METHANOL	0.000085	0.000005	10.000000	0.000000	0.000000	Infinity	0.000000	0.000000	1.000000	0.000196	0.051370	0.108434	0.000000
CAR_HEV	0.000082	0.000006	10.000000	0.000000	0.000000	Infinity	0.000000	0.000000	1.000000	0.000234	0.051370	0.108434	0.000000
CAR_PHEV	0.035897	0.002661	10.000000	0.000000	0.000078	Infinity	0.000000	0.000000	1.000000	0.026900	0.051370	0.108434	0.000000
CAR_BEV	72794.359234	1739.743780	10.000000	0.000000	173.974378	Infinity	0.000000	1.000000	1.000000	0.051370	0.051370	0.108434	0.000000
CAR_FUEL_CELL	0.000150	0.000003	10.000000	0.000000	0.000000	Infinity	0.000000	0.000000	1.000000	0.000356	0.051370	0.108434	0.000000
TRAIN_FREIGHT	783.484883	15.669035	40.000000	0.000000	7.503207	Infinity	0.000000	1.000000	1.000000	0.342470	0.342470	0.033427	0.000000
BOAT_FREIGHT_DIESEL	0.000109	0.000005	40.000000	0.000000	0.000001	Infinity	0.000000	0.000000	1.000000	0.001678	0.114160	0.033427	0.000000
BOAT_FREIGHT_NG	0.000342	0.000017	40.000000	0.000000	0.000004	Infinity	0.000000	0.000000	1.000000	0.005466	0.114160	0.033427	0.000000
BOAT_FREIGHT_METHANOL	2107.108798	103.166068	40.000000	0.000000	27.010752	Infinity	0.000000	1.000000	1.000000	0.114160	0.114160	0.033427	0.000000
TRUCK_DIESEL	4169.110003	204.111111	15.000000	11.000000	11.000000	Infinity	0.000000	0.220199	1.000000	0.092590	0.092590	0.074944	0.000000
TRUCK_METHANOL	0.000017	0.000001	15.000000	0.000000	0.000000	Infinity	0.000000	0.000000	1.000000	0.000152	0.092590	0.074944	0.000000
TRUCK_FUEL_CELL	18426.962481	470.055399	15.000000	0.000000	38.954867	Infinity	0.000000	0.779801	1.000000	0.092590	0.092590	0.074944	0.000000
TRUCK_ELEC	0.000056	0.000003	15.000000	0.000000	0.000000	Infinity	0.000000	0.000000	1.000000	0.002484	0.092590	0.074944	0.000000
TRUCK_NG	0.000036	0.000002	15.000000	0.000000	0.000000	Infinity	0.000000	0.000000	1.000000	0.000170	0.092590	0.074944	0.000000
HABER_BOSCH	953.298826	18.638297	20.000000	0.000000	1.184634	Infinity	0.000000	1.000000	1.000000	0.496124	1.000000	0.058246	0.000000
SYN_METHANOLATION	0.000673	0.000019	20.000000	0.000000	0.000001	Infinity	0.000000	0.130228	1.000000	0.001467	0.950000	0.058246	0.000000
METHANE_TO_METHANOL	0.003063	0.000134	25.000000	0.000000	0.000004	Infinity	0.000000	0.811578	1.000000	0.009140	0.850000	0.048263	0.000000
BIOMASS_TO_METHANOL	0.000588	0.000009	20.000000	0.000000	0.000000	Infinity	0.000000	0.058194	1.000000	0.000655	1.000000	0.058246	0.000000
OIL_TO_HVC	0.000696	0.000004	20.000000	0.000000	0.000002	Infinity	0.000000	0.000000	1.000000	0.003053	1.000000	0.058246	0.000000
GAS_TO_HVC	468.646876	11.716103	20.000000	0.000000	0.618439	Infinity	0.000000	0.013062	1.000000	0.101514	1.000000	0.058246	0.000000
METHANOL_TO_HVC	2204.602471	198.413624	20.000000	0.000000	3.328204	Infinity	0.000000	0.661313	1.000000	0.955031	1.000000	0.058246	0.000000
ADLIBIO_TO_HVC	1604.922067	35.039588	20.000000	0.000000	1.815523	Infinity	0.000000	0.325625	1.000000	0.862057	1.000000	0.058246	1724.201908
PHS	294.000400	0.000000	50.000000	5.000000	5.000007	6.500000	0.000000	-1.000000	1.000000	0.020099	1.000000	0.028572	
BATT_LI	1805.117987	2.790817	15.000000	0.000000	8.801160	Infinity	0.000000	-1.000000	1.000000	0.021990	1.000000	0.074944	
BEV_BATT	0.000000	0.000000	1.000000	0.000000	172.593629	Infinity	0.000000	-1.000000	1.000000	0.003976	1.000000	1.015000	
PHEV_BATT	0.000000	0.000000	1.000000	0.000000	0.000016	Infinity	0.000000	-1.000000	1.000000	0.001138	1.000000	1.015000	
TS_DEC_DIRECT_ELEC	0.004011	0.000028	20.000000	0.000000	0.000211	Infinity	0.000000	-1.000000	1.000000	0.000800	1.000000	0.058246	
TS_DEC_HP_ELEC	1266.817329	8.868569	20.000000	0.000000	66.780038	Infinity	0.000000	-1.000000	1.000000	0.031492	1.000000	0.058246	
TS_DEC_THHP_GAS	0.004263	0.000030	20.000000	0.000000	0.000225	Infinity	0.000000	-1.000000	1.000000	0.011594	1.000000	0.058246	
TS_DEC_COGEN_GAS	0.004074	0.000029	20.000000	0.000000	0.000215	Infinity	0.000000	-1.000000	1.000000	0.000564	1.000000	0.058246	
TS_DEC_COGEN_OIL	0.004050	0.000028	20.000000	0.000000	0.000213	Infinity	0.000000	-1.000000	1.000000	0.000440	1.000000	0.058246	
TS_DEC_ADVCOGEN_GAS	0.004061	0.000028	20.000000	0.000000	0.000214	Infinity	0.000000	-1.000000	1.000000	0.000476	1.000000	0.058246	
TS_DEC_ADVCOGEN_H2	30.147960	0.211056	20.000000	0.000000	1.589244	Infinity	0.000000	-1.000000	1.000000	0.024715	1.000000	0.058246	
TS_DEC_BOILER_GAS	0.004070	0.000028	20.000000	0.000000	0.000215	Infinity	0.000000	-1.000000	1.000000	0.000555	1.000000	0.058246	
TS_DEC_BOILER_WOOD	0.003952	0.000028	20.000000	0.000000	0.000208	Infinity	0.000000	-1.000000	1.000000	0.000457	1.000000	0.058246	
TS_DEC_BOILER_OIL	0.004046	0.000028	20.000000	0.000000	0.000213	Infinity	0.000000	-1.000000	1.000000	0.000382	1.000000	0.058246	
TS_DHN_DAILY	0.005949	0.000017	40.000000	0.000000	0.001983	Infinity	0.000000	-1.000000	1.000000	0.001128	1.000000	0.033427	
TS_DHN_SEASONAL	404.636566	2.237173	25.000000	0.000000	778.147242	Infinity	0.000000	-1.000000	1.000000	0.001506	1.000000	0.048263	
TS_HIGH_TEMP	852.678299	9.126061	25.000000	0.000000	30.420203	Infinity	0.000000	-1.000000	1.000000	0.023952	1.000000	0.048263	
GAS_STORAGE	0.009248	0.000242	50.000000	0.000000	0.184954	Infinity	0.000000	-1.000000	1.000000	0.000156	1.000000	0.028572	
H2_STORAGE	46.967020	2.959150	20.000000	0.000000	7.587564	Infinity	0.000000	-1.000000	1.000000	0.016395	1.000000	0.058246	
DIESEL_STORAGE	0.021465	0.000852	20.000000	0.000000	2.146479	Infinity	0.000000	-1.000000	1.000000	0.000007	1.000000	0.058246	
GASOLINE_STORAGE	0.021456	0.000852	20.000000	0.000000	2.145602	Infinity	0.000000	-1.000000	1.000000	0.000000	1.000000	0.058246	
LFO_STORAGE	0.023230	0.000922	20.000000	0.000000	2.322964	Infinity	0.000000	-1.000000	1.000000	0.000000	1.000000	0.058246	
AMMONIA_STORAGE	0.000050	0.000002	20.000000	0.000000	0.005032	Infinity	0.000000	-1.000000	1.000000	0.000468	1.000000	0.058246	
METHANOL_STORAGE	0.000003	0.000000	20.000000	0.000000	0.000258	Infinity	0.000000	-1.000000	1.000000	0.000073	1.000000	0.058246	
CO2_STORAGE	0.083171	0.000832	30.000000	0.000000	0.001680	Infinity	0.000000	-1.000000	1.000000	0.000030	1.000000	0.041639	
ADLIBIO_TO_FUEL	0.000679	0.000012	20.000000	0.000000	0.000001	Infinity	0.000000	-1.000000	1.000000	0.003341	1.000000	0.058246	
AMMONIA_TO_H2	0.000258	0.000024	25.000000	0.000000	0.000000	Infinity	0.000000	-1.000000	1.000000	0.000755	0.860000	0.048263	
ATM_CCS	0.001546	0.000038	40.000000	0.000000	0.000000	Infinity	0.000000	-1.000000	1.000000	0.000998	1.000000	0.033427	
BIO_HYDROLYSIS	4068.862638	277.417116	15.000000	0.000000	2.690246	Infinity	0.000000	-1.000000	1.000000	0.698222	0.850000	0.074944	
BIOMETHANATION	0.001494	0.000021	20.000000	0.000000	0.000002	Infinity	0.000000	-1.000000	1.000000	0.006676	0.850000	0.058246	
DHN	6717.703233	0.000000	60.000000	0.000000	8.133994	Infinity	0.000000	-1.000000	1.000000	0.000000	1.000000	0.025393	
EFFICIENCY	5517.241379	0.000000	1.000000	0.000000	0.985222	Infinity	0.000000	-1.000000	1.000000	0.000000	1.000000	1.015000	
GASIFICATION_SNG	0.000326	0.000023	25.000000	0.000000	0.000000	Infinity	0.000000	-1.000000	1.000000	0.001042	0.850000	0.048263	
GRID	102568.419785	0.000000	80.000000	0.000000	1.369056	Infinity	0.000000	-1.000000	1.000000	0.000000	1.000000	0.021548	
H2_BIOMASS	0.001010	0.000071	25.000000	0.000000	0.000000	Infinity	0.000000	-1.000000	1.000000	0.007074	0.860000	0.048263	
H2_ELECTROLYSIS	0.001616	0.000044	15.000000	0.000000	0.000003	Infinity	0.000000	-1.000000	1.000000	0.006138	0.900000	0.074944	
INDUSTRY_CCS	0.000931	0.000023	40.000000	0.000000	0.000000	Infinity	0.000000	-1.000000	1.000000	0.000718	1.000000	0.033427	
REDIFUEL	0.000389	0.000010	20.000000	0.000000	0.000000	Infinity	0.000000	-1.000000	1.000000	0.000187	1.000000	0.058246	
SMR	0.000662	0.000061	25.000000	0.000000	0.000001	Infinity	0.000000	-1.000000	1.000000	0.002865	0.860000	0.048263	
SYN_METHANATION	0.000137	0.000035	40.000000	0.000000	0.000001	Infinity	0.000000	-1.000000	1.000000	0.002784	1.000000	0.033427	