Name	LCA_tech	LCA_res	LCA_op
NUCLEAR	0.000000	0.000000	0.000000
CCGT	0.000000	0.000000	0.001457
CCGT_AMMONIA	0.000000	0.000000	0.000002
COAL_US	0.000000	0.000000	0.000000
COAL_IGCC	0.000000	0.000000	0.000000
PV	650.038252	0.000000	0.000000
WIND_ONSHORE	133.608581	0.000000	2.238803
WIND_OFFSHORE	118.263257	0.000000	3.181651
HYDRO_RIVER	3.051277	0.000000	0.009874
GEOTHERMAL	0.000000	0.000000	0.000000
IND_COGEN_GAS	111.350218	0.000000	23962.570292
IND_COGEN_WOOD	0.000000	0.000000	0.003156
IND_COGEN_WASTE	0.000000	0.000000	0.000115
IND_BOILER_GAS	7.074366	0.000000	2807.186721
IND_BOILER_WOOD	0.000000	0.000000	0.000923
IND_BOILER_OIL	0.000003	0.000000	0.000471
IND_BOILER_COAL	0.000006	0.000000	0.000579
IND_BOILER_WASTE	1.299549	0.000000	179.247940
IND_DIRECT_ELEC	0.000000	0.000000	0.000000
DHN_HP_ELEC	28.628671	0.000000	581.208884
DHN_COGEN_GAS	3.528928	0.000000	1157.364194
DHN_COGEN_WOOD	0.000000	0.000000	0.000199
DHN_COGEN_WASTE	0.000000	0.000000	0.000099
DHN_COGEN_WET_BIOMASS	0.000000	0.000000	0.003800
DHN_COGEN_BIO_HYDROLYSIS	0.000000	0.000000	0.000185
DHN_BOILER_GAS	0.000000	0.000000	0.000136
DHN_BOILER_WOOD	0.000000	0.000000	0.000134
DHN_BOILER_OIL	0.000000	0.000000	0.000135
DHN_DEEP_GEO	0.000000	0.000000	0.000000
DHN_SOLAR	0.000006	0.000000	0.000000
DEC_HP_ELEC	105.303514	0.000000	1337.464589
DEC_THHP_GAS	0.000273	0.000000	0.013935
DEC_COGEN_GAS	0.000000	0.000000	0.001187
DEC_COGEN_OIL	0.000001	0.000000	0.001285
DEC_ADVCOGEN_GAS	0.000000	0.000000	0.001361
DEC_ADVCOGEN_H2	0.000001	0.000000	0.000005
DEC_BOILER_GAS	0.000001	0.000000	0.000453
DEC_BOILER_WOOD	0.000000	0.000000	0.001669
DEC_BOILER_OIL	0.000000	0.000000	0.001035
DEC_SOLAR	0.000010	0.000000	0.000000
DEC_DIRECT_ELEC	0.000002	0.000000	0.000000
TRAMWAY_TROLLEY	6.777616	0.000000	0.000000
BUS_COACH_DIESEL	0.000012	0.000000	0.000240
BUS_COACH_HYDIESEL	0.000019	0.000000	0.000270
BUS_COACH_CNG_STOICH	105.666705	0.000000	1668.721257
BUS_COACH_FC_HYBRIDH2	0.000067	0.000000	0.000091
BUS_COACH_ELECTRIC	0.000306	0.000000	0.000199
TRAIN_PUB	16.452211	0.000000	3.533581
CAR_GASOLINE	678.056803	0.000000	2674.948768
CAR_DIESEL	0.000009	0.000000	0.000077
CAR_NG	0.000008	0.000000	0.000077
CAR_METHANOL	0.000001	0.000000	0.000053
CAR_HEV	0.000002	0.000000	0.000040
CAR_PHEV	0.000383	0.000000	0.000395
CAR_BEV	3061.260319	0.000000	486.169592
CAR_FUEL_CELL	0.000125	0.000000	0.000060
TRAIN_FREIGHT	28.944177	0.000000	48.205830
BOAT_FREIGHT_DIESEL	0.000067	0.000000	0.002538
BOAT_FREIGHT_NG	19.784902	0.000000	844.683631
BOAT_FREIGHT_METHANOL	0.000004	0.000000	0.000198
TRUCK_DIESEL	303.169480	0.000000	3531.428666
TRUCK_METHANOL	0.000000	0.000000	0.000047
TRUCK_FUEL_CELL	0.000566	0.000000	0.000012
TRUCK_ELEC	238.017201	0.000000	4.557755
TRUCK_NG	0.000001	0.000000	0.000051
HABER_BOSCH	0.000225	0.000000	0.000024
SYN_METHANOLATION	0.000003	0.000000	0.000007
METHANE_TO_METHANOL	16.999792	0.000000	196.014328
BIOMASS_TO_METHANOL	0.000000	0.000000	0.002855
OIL_TO_HVC	27.191090	0.000000	710.313617
GAS_TO_HVC	0.000006	0.000000	0.000158
METHANOL_TO_HVC	199.452214	0.000000	0.000000
ADLIBIO_TO_HVC	0.000007	0.000000	0.000816
PHS	546.175479	0.000000	0.000000
BATT_LI	0.000037	0.000000	0.000000
BEV_BATT	0.000000	0.000000	0.000000
PHEV_BATT	0.000314	0.000000	0.000000
TS_DEC_DIRECT_ELEC	0.000025	0.000000	0.000000
TS_DEC_HP_ELEC	10.297497	0.000000	0.000000
TS_DEC_THHP_GAS	0.000015	0.000000	0.000000
TS_DEC_COGEN_GAS	0.000006	0.000000	0.000000
TS_DEC_COGEN_OIL	0.000006	0.000000	0.000000
TS_DEC_ADVCOGEN_GAS	0.000007	0.000000	0.000000
TS_DEC_ADVCOGEN_H2	0.000006	0.000000	0.000000
TS_DEC_BOILER_GAS	0.000006	0.000000	0.000000
TS_DEC_BOILER_WOOD	0.000007	0.000000	0.000000
TS_DEC_BOILER_OIL	0.000006	0.000000	0.000000
TS_DHN_DAILY	0.000139	0.000000	0.000000
TS_DHN_SEASONAL	124.306172	0.000000	0.000000
TS_HIGH_TEMP	5.420703	0.000000	0.000000
GAS_STORAGE	0.007948	0.000000	0.000000
H2_STORAGE	0.000384	0.000000	0.000000
DIESEL_STORAGE	0.007791	0.000000	0.000000
GASOLINE_STORAGE	0.245710	0.000000	0.000000
LFO_STORAGE	0.248885	0.000000	0.000000
AMMONIA_STORAGE	0.004354	0.000000	0.000000
METHANOL_STORAGE	0.004480	0.000000	0.000000
CO2_STORAGE	0.000123	0.000000	0.000000
ADLIBIO_TO_FUEL	45.929161	0.000000	283.882806
AMMONIA_TO_H2	0.000002	0.000000	0.000000
ATM_CCS	0.000011	0.000000	-0.003538
BIO_HYDROLYSIS	0.000056	0.000000	0.044646
BIOMETHANATION	187.432605	0.000000	9796.565927
DHN	0.000000	0.000000	0.000000
EFFICIENCY	0.000000	0.000000	0.000000
GASIFICATION_SNG	0.000000	0.000000	0.000193
GRID	21.353012	0.000000	0.000000
H2_BIOMASS	2.481606	0.000000	1.634732
H2_ELECTROLYSIS	0.000020	0.000000	0.000001
INDUSTRY_CCS	0.000000	0.000000	0.000954
REDIFUEL	0.000000	0.000000	0.000110
SMR	0.000000	0.000000	0.001121
SYN_METHANATION	0.000000	0.000000	0.000000
ELECTRICITY	0.000000	1100.842804	0.000000
GASOLINE	0.000000	13.125981	0.000000
DIESEL	0.000000	468.356216	0.000000
BIOETHANOL	0.000000	0.000093	0.000000
BIODIESEL	0.000000	0.000112	0.000000
BIODIESEL_BE	0.000000	0.000000	0.000000
LFO	0.000000	119.246605	0.000000
LFO_RE_BE	0.000000	0.000000	0.000000
GAS	0.000000	12834.872805	0.000000
GAS_RE_IMPORT	0.000000	-0.000623	0.000000
GAS_RE_BE	0.000000	0.000000	0.000000
WOOD	0.000000	-7496.776373	0.000000
WOOD_PRODUCTION	0.000000	0.000643	0.000000
WET_BIOMASS	0.000000	-16198.328309	0.000000
COAL	0.000000	0.000066	0.000000
URANIUM	0.000000	0.000000	0.000000
WASTE	0.000000	0.000000	0.000000
H2	0.000000	0.000000	0.000000
H2_RE_IMPORT	0.000000	0.000000	0.000000
H2_RE_BE	0.000000	0.000000	0.000000
AMMONIA	0.000000	0.000167	0.000000
METHANOL	0.000000	140.380172	0.000000
AMMONIA_RE_IMPORT	0.000000	929.224618	0.000000
AMMONIA_RE_BE	0.000000	0.000000	0.000000
METHANOL_RE_IMPORT	0.000000	-0.000211	0.000000
METHANOL_RE_BE	0.000000	0.000000	0.000000
ELEC_EXPORT	0.000000	0.000000	0.000000
CO2_EMISSIONS	0.000000	0.000000	0.000000
RES_WIND	0.000000	0.000000	0.000000
RES_SOLAR	0.000000	0.000000	0.000000
RES_HYDRO	0.000000	0.000000	0.000000
RES_GEO	0.000000	0.000000	0.000000
CO2_ATM	0.000000	0.000000	0.000000
CO2_INDUSTRY	0.000000	0.000000	0.000000
CO2_CAPTURED	0.000000	0.000000	0.000000
