Name	Crit_2_tech	Crit_2_res	Crit_2_op
NUCLEAR	0.000000	0.000000	0.000000
CCGT	0.005493	0.000000	-0.309066
CCGT_AMMONIA	0.000032	0.000000	0.000046
COAL_US	0.000000	0.000000	0.000000
COAL_IGCC	0.000000	0.000000	0.000000
PV	11832.998570	0.000000	0.000000
WIND_ONSHORE	3347.582482	0.000000	84.413410
WIND_OFFSHORE	1078.850275	0.000000	119.933270
HYDRO_RIVER	36.234855	0.000000	-7.566743
GEOTHERMAL	0.000000	0.000000	0.000000
IND_COGEN_GAS	390.674666	0.000000	603.811254
IND_COGEN_WOOD	0.000208	0.000000	0.000096
IND_COGEN_WASTE	0.000414	0.000000	0.000319
IND_BOILER_GAS	33.262395	0.000000	0.000000
IND_BOILER_WOOD	0.003071	0.000000	0.000031
IND_BOILER_OIL	0.000596	0.000000	0.000000
IND_BOILER_COAL	0.016824	0.000000	0.001007
IND_BOILER_WASTE	254.252393	0.000000	169.149415
IND_DIRECT_ELEC	2.233975	0.000000	0.000000
DHN_HP_ELEC	145.915999	0.000000	8.862553
DHN_COGEN_GAS	195.904416	0.000000	294.921423
DHN_COGEN_WOOD	0.000007	0.000000	0.000094
DHN_COGEN_WASTE	0.000335	0.000000	0.000199
DHN_COGEN_WET_BIOMASS	0.016195	0.000000	0.007348
DHN_COGEN_BIO_HYDROLYSIS	0.000143	0.000000	0.004179
DHN_BOILER_GAS	0.000118	0.000000	0.000000
DHN_BOILER_WOOD	0.000705	0.000000	0.000018
DHN_BOILER_OIL	0.000047	0.000000	0.000000
DHN_DEEP_GEO	0.000000	0.000000	0.000000
DHN_SOLAR	0.007478	0.000000	0.000000
DEC_HP_ELEC	648.833757	0.000000	27.364715
DEC_THHP_GAS	0.125765	0.000000	0.000000
DEC_COGEN_GAS	0.002243	0.000000	0.001025
DEC_COGEN_OIL	0.004435	0.000000	0.000503
DEC_ADVCOGEN_GAS	0.003923	0.000000	0.003834
DEC_ADVCOGEN_H2	0.000365	0.000000	0.001146
DEC_BOILER_GAS	0.002924	0.000000	0.000000
DEC_BOILER_WOOD	0.007416	0.000000	0.000030
DEC_BOILER_OIL	0.001915	0.000000	0.000000
DEC_SOLAR	0.060949	0.000000	0.000000
DEC_DIRECT_ELEC	0.000575	0.000000	0.000000
TRAMWAY_TROLLEY	78.587194	0.000000	0.000000
BUS_COACH_DIESEL	0.000814	0.000000	0.000001
BUS_COACH_HYDIESEL	0.001795	0.000000	0.000002
BUS_COACH_CNG_STOICH	1589.607672	0.000000	1.350219
BUS_COACH_FC_HYBRIDH2	0.000663	0.000000	0.000004
BUS_COACH_ELECTRIC	0.001082	0.000000	0.000004
TRAIN_PUB	424.322143	0.000000	0.000000
CAR_GASOLINE	6191.681729	0.000000	1255.705125
CAR_DIESEL	0.000321	0.000000	0.000189
CAR_NG	0.000473	0.000000	0.000225
CAR_METHANOL	0.000459	0.000000	0.000227
CAR_HEV	0.000331	0.000000	0.000195
CAR_PHEV	0.222784	0.000000	0.020534
CAR_BEV	28993.198719	0.000000	3402.289609
CAR_FUEL_CELL	0.000912	0.000000	0.000286
TRAIN_FREIGHT	247.342338	0.000000	0.000000
BOAT_FREIGHT_DIESEL	0.000050	0.000000	0.000001
BOAT_FREIGHT_NG	0.000067	0.000000	0.000003
BOAT_FREIGHT_METHANOL	210.053814	0.000000	4.680953
TRUCK_DIESEL	6467.160269	0.000000	0.408139
TRUCK_METHANOL	0.002746	0.000000	0.000000
TRUCK_FUEL_CELL	0.006167	0.000000	0.000001
TRUCK_ELEC	3183.148836	0.000000	0.155971
TRUCK_NG	0.000242	0.000000	0.000000
HABER_BOSCH	0.286505	0.000000	0.001998
SYN_METHANOLATION	0.002058	0.000000	0.000689
METHANE_TO_METHANOL	0.000153	0.000000	0.000176
BIOMASS_TO_METHANOL	0.009207	0.000000	0.005727
OIL_TO_HVC	0.016740	0.000000	0.000000
GAS_TO_HVC	0.028845	0.000000	0.000000
METHANOL_TO_HVC	6811.877467	0.000000	0.000000
ADLIBIO_TO_HVC	0.034893	0.000000	0.001946
PHS	6016.876005	0.000000	0.000000
BATT_LI	0.025570	0.000000	0.000000
BEV_BATT	0.000000	0.000000	0.000000
PHEV_BATT	0.243021	0.000000	0.000000
TS_DEC_DIRECT_ELEC	0.026355	0.000000	0.000000
TS_DEC_HP_ELEC	430.597364	0.000000	0.000000
TS_DEC_THHP_GAS	0.028391	0.000000	0.000000
TS_DEC_COGEN_GAS	0.026556	0.000000	0.000000
TS_DEC_COGEN_OIL	0.025943	0.000000	0.000000
TS_DEC_ADVCOGEN_GAS	0.026270	0.000000	0.000000
TS_DEC_ADVCOGEN_H2	0.026197	0.000000	0.000000
TS_DEC_BOILER_GAS	0.026678	0.000000	0.000000
TS_DEC_BOILER_WOOD	0.024199	0.000000	0.000000
TS_DEC_BOILER_OIL	0.026532	0.000000	0.000000
TS_DHN_DAILY	0.093238	0.000000	0.000000
TS_DHN_SEASONAL	4134.699695	0.000000	0.000000
TS_HIGH_TEMP	237.123002	0.000000	0.000000
GAS_STORAGE	1009.218309	0.000000	0.000000
H2_STORAGE	8.281323	0.000000	0.000000
DIESEL_STORAGE	0.623807	0.000000	0.000000
GASOLINE_STORAGE	8.622559	0.000000	0.000000
LFO_STORAGE	0.599321	0.000000	0.000000
AMMONIA_STORAGE	0.754344	0.000000	0.000000
METHANOL_STORAGE	6.653145	0.000000	0.000000
CO2_STORAGE	0.050412	0.000000	0.000000
ADLIBIO_TO_FUEL	2068.619355	0.000000	1078.001112
AMMONIA_TO_H2	0.000947	0.000000	0.000000
ATM_CCS	0.000339	0.000000	0.001128
BIO_HYDROLYSIS	1739.386509	0.000000	12240.526940
BIOMETHANATION	1.727133	0.000000	0.521343
DHN	0.000000	0.000000	0.000000
EFFICIENCY	0.000000	0.000000	0.000000
GASIFICATION_SNG	0.000012	0.000000	0.007137
GRID	867.619031	0.000000	0.000000
H2_BIOMASS	171.276114	0.000000	13.398737
H2_ELECTROLYSIS	0.005110	0.000000	0.000214
INDUSTRY_CCS	0.000000	0.000000	0.000259
REDIFUEL	0.000885	0.000000	0.001021
SMR	0.000000	0.000000	0.007334
SYN_METHANATION	0.001483	0.000000	0.000003
AMMONIA	0.000000	0.006460	0.000000
AMMONIA_RE_BE	0.000000	0.000000	0.000000
AMMONIA_RE_IMPORT	0.000000	36292.093932	0.000000
BIODIESEL	0.000000	0.388993	0.000000
BIODIESEL_BE	0.000000	0.000000	0.000000
BIOETHANOL	0.000000	0.288287	0.000000
CO2_ATM	0.000000	0.000000	0.000000
CO2_CAPTURED	0.000000	0.000000	0.000000
CO2_EMISSIONS	0.000000	0.000000	0.000000
CO2_INDUSTRY	0.000000	0.000000	0.000000
COAL	0.000000	0.059429	0.000000
DIESEL	0.000000	8663.401742	0.000000
ELEC_EXPORT	0.000000	0.000000	0.000000
ELECTRICITY	0.000000	42652.716340	0.000000
GAS	0.000000	8782.537985	0.000000
GAS_RE_BE	0.000000	0.000000	0.000000
GAS_RE_IMPORT	0.000000	0.000177	0.000000
GASOLINE	0.000000	0.073625	0.000000
H2	0.000000	0.000120	0.000000
H2_RE_BE	0.000000	0.000000	0.000000
H2_RE_IMPORT	0.000000	18877.730067	0.000000
LFO	0.000000	0.056070	0.000000
LFO_RE_BE	0.000000	0.000000	0.000000
METHANOL	0.000000	16774.592710	0.000000
METHANOL_RE_BE	0.000000	0.000000	0.000000
METHANOL_RE_IMPORT	0.000000	0.023143	0.000000
RES_GEO	0.000000	0.000000	0.000000
RES_HYDRO	0.000000	0.000000	0.000000
RES_SOLAR	0.000000	0.000000	0.000000
RES_WIND	0.000000	0.000000	0.000000
URANIUM	0.000000	0.000000	0.000000
WASTE	0.000000	0.000000	0.000000
WET_BIOMASS	0.000000	90117.492371	0.000000
WOOD	0.000000	95211.471621	0.000000
WOOD_PRODUCTION	0.000000	20702.127181	0.000000
