TECHNOLOGIES	 c_inv	 c_maint	 lifetime	  f_min	 f	 f_max	 fmin_perc	f_perc	 fmax_perc	 c_p	 c_p_max	 tau	 gwp_constr
 UNITS	[M€/GW]	 [M€/GW/y]	 [y]	 [GW or GWh]	 [GW or GWh]	 [GW or GWh]	 [0-1]	 [0-1]	 [0-1]	 [0-1]	 [0-1]	 [-]	 [ktCO2-eq./GW or GWh]
NUCLEAR	0.000000	0.000000	60.000000	0.000000	0.000000	0.000000	0.000000	0.000000	1.000000	0.000000	0.849000	0.025393	0.000000
CCGT	1183.747221	29.980513	25.000000	0.000000	1.533371	Infinity	0.000000	0.083075	1.000000	0.790195	0.961540	0.048263	281.818290
CCGT_AMMONIA	2163.393316	54.791801	25.000000	0.000000	2.802359	Infinity	0.000000	0.098476	1.000000	0.512528	0.630000	0.048263	515.045606
COAL_US	0.000000	0.000000	35.000000	0.000000	0.000000	0.000000	0.000000	0.000000	1.000000	0.000000	0.868000	0.036934	0.000000
COAL_IGCC	0.000000	0.000000	35.000000	0.000000	0.000000	0.000000	0.000000	0.000000	1.000000	0.000000	0.856000	0.036934	0.000000
PV	51482.248662	587.931237	25.000000	0.000000	59.174998	59.200000	0.000000	0.481623	1.000000	0.118708	1.000000	0.048263	123168.617048
WIND_ONSHORE	10399.999965	120.960000	30.000000	0.000000	10.000000	10.000000	0.000000	0.166740	1.000000	0.243193	1.000000	0.041639	6228.499979
WIND_OFFSHORE	29847.780001	207.666000	30.000000	0.000000	6.000000	6.000000	0.000000	0.166269	1.000000	0.404176	1.000000	0.041639	3737.100000
HYDRO_RIVER	580.165790	5.801152	40.000000	0.000000	0.115000	0.115000	0.000000	0.003816	1.000000	0.483958	1.000000	0.033427	145.224297
GEOTHERMAL	0.000000	0.000000	30.000000	0.000000	0.000000	0.000000	0.000000	0.000000	1.000000	0.000000	0.950000	0.041639	0.000000
IND_COGEN_GAS	0.000529	0.000034	25.000000	0.000000	0.000000	Infinity	0.000000	0.000000	1.000000	0.001781	0.850000	0.048263	0.000385
IND_COGEN_WOOD	4410.815833	161.491060	25.000000	0.000000	4.081103	Infinity	0.000000	0.341585	1.000000	0.725093	0.850000	0.048263	674.728839
IND_COGEN_WASTE	0.000550	0.000020	25.000000	0.000000	0.000000	Infinity	0.000000	0.000000	1.000000	0.000446	0.850000	0.048263	0.000122
IND_BOILER_GAS	0.000334	0.000007	17.000000	0.000000	0.000006	Infinity	0.000000	0.000000	1.000000	0.000498	0.950000	0.067080	0.000070
IND_BOILER_WOOD	0.000487	0.000010	17.000000	0.000000	0.000004	Infinity	0.000000	0.000000	1.000000	0.001656	0.900000	0.067080	0.000122
IND_BOILER_OIL	0.000329	0.000007	17.000000	0.000000	0.000006	Infinity	0.000000	0.000000	1.000000	0.000060	0.950000	0.067080	0.000074
IND_BOILER_COAL	419.887840	8.397708	17.000000	0.000000	3.645493	Infinity	0.000000	0.360414	1.000000	0.856483	0.900000	0.067080	175.639834
IND_BOILER_WASTE	290.219659	5.804359	17.000000	0.000000	2.519705	Infinity	0.000000	0.192336	1.000000	0.661278	0.900000	0.067080	72.743893
IND_DIRECT_ELEC	4526.400624	20.533627	15.000000	0.000000	13.619789	Infinity	0.000000	0.105664	1.000000	0.067210	0.950000	0.074944	20.021090
DHN_HP_ELEC	2920.013899	99.015326	25.000000	0.000000	8.469700	Infinity	0.000000	0.949470	1.000000	0.573085	0.950000	0.048263	1480.418928
DHN_COGEN_GAS	391.241715	11.439074	25.000000	0.000000	0.311873	Infinity	0.000000	0.050530	1.000000	0.828273	0.850000	0.048263	153.092279
DHN_COGEN_WOOD	0.000480	0.000018	25.000000	0.000000	0.000000	Infinity	0.000000	0.000000	1.000000	0.001620	0.850000	0.048263	0.000073
DHN_COGEN_WASTE	0.000474	0.000017	25.000000	0.000000	0.000000	Infinity	0.000000	0.000000	1.000000	0.000337	0.850000	0.048263	0.000105
DHN_COGEN_WET_BIOMASS	0.000237	0.000019	25.000000	0.000000	0.000000	Infinity	0.000000	0.000000	1.000000	0.000160	0.750000	0.048263	0.000177
DHN_COGEN_BIO_HYDROLYSIS	0.000314	0.000015	15.000000	0.000000	0.000000	Infinity	0.000000	0.000000	1.000000	0.000155	0.850000	0.074944	0.000045
DHN_BOILER_GAS	0.000070	0.000001	17.000000	0.000000	0.000001	Infinity	0.000000	0.000000	1.000000	0.000271	0.950000	0.067080	0.000015
DHN_BOILER_WOOD	0.000130	0.000003	17.000000	0.000000	0.000001	Infinity	0.000000	0.000000	1.000000	0.000788	0.900000	0.067080	0.000033
DHN_BOILER_OIL	0.000060	0.000001	17.000000	0.000000	0.000001	Infinity	0.000000	0.000000	1.000000	0.000055	0.950000	0.067080	0.000013
DHN_DEEP_GEO	0.000000	0.000000	30.000000	0.000000	0.000000	0.000000	0.000000	0.000000	1.000000	0.000000	0.850000	0.041639	0.000000
DHN_SOLAR	0.000067	0.000000	30.000000	0.000000	0.000000	Infinity	0.000000	0.000000	1.000000	0.000093	1.000000	0.041639	0.000041
DEC_HP_ELEC	9636.285249	401.782291	18.000000	0.000000	19.584353	Infinity	0.000000	1.000000	1.000000	0.449701	1.000000	0.063806	3229.264033
DEC_THHP_GAS	0.000916	0.000027	20.000000	0.000000	0.000003	Infinity	0.000000	0.000000	1.000000	0.004892	1.000000	0.058246	0.001108
DEC_COGEN_GAS	0.000918	0.000059	20.000000	0.000000	0.000001	Infinity	0.000000	0.000000	1.000000	0.002232	1.000000	0.058246	0.000668
DEC_COGEN_OIL	0.000456	0.000028	20.000000	0.000000	0.000000	Infinity	0.000000	0.000000	1.000000	0.000041	1.000000	0.058246	0.000357
DEC_ADVCOGEN_GAS	0.002706	0.000050	20.000000	0.000000	0.000000	Infinity	0.000000	0.000000	1.000000	0.001698	1.000000	0.058246	0.000819
DEC_ADVCOGEN_H2	0.004387	0.000082	20.000000	0.000000	0.000001	Infinity	0.000000	0.000000	1.000000	0.002834	1.000000	0.058246	0.001329
DEC_BOILER_GAS	0.000600	0.000018	17.000000	0.000000	0.000004	Infinity	0.000000	0.000000	1.000000	0.000400	1.000000	0.067080	0.000080
DEC_BOILER_WOOD	0.000725	0.000025	17.000000	0.000000	0.000002	Infinity	0.000000	0.000000	1.000000	0.002232	1.000000	0.067080	0.000033
DEC_BOILER_OIL	0.000476	0.000029	17.000000	0.000000	0.000003	Infinity	0.000000	0.000000	1.000000	0.000084	1.000000	0.067080	0.000071
DEC_SOLAR	0.001162	0.000013	20.000000	0.000000	0.000002	Infinity	0.000000	0.000000	1.000000	0.000942	1.000000	0.058246	0.000358
DEC_DIRECT_ELEC	0.000644	0.000003	15.000000	0.000000	0.000016	Infinity	0.000000	0.000000	1.000000	0.000230	1.000000	0.074944	0.000024
TRAMWAY_TROLLEY	4725.034446	94.500689	30.000000	0.000000	7.560055	Infinity	0.000000	0.300000	0.300000	0.342470	0.342470	0.041639	0.000000
BUS_COACH_DIESEL	0.000159	0.000008	15.000000	0.000000	0.000000	Infinity	0.000000	0.000000	1.000000	0.000769	0.296800	0.074944	0.000000
BUS_COACH_HYDIESEL	4846.288952	193.852333	15.000000	0.000000	5.815570	Infinity	0.000000	0.200000	1.000000	0.296800	0.296800	0.074944	0.000000
BUS_COACH_CNG_STOICH	0.000089	0.000004	15.000000	0.000000	0.000000	Infinity	0.000000	0.000000	1.000000	0.000427	0.296800	0.074944	0.000000
BUS_COACH_FC_HYBRIDH2	0.000083	0.000002	15.000000	0.000000	0.000000	Infinity	0.000000	0.000000	1.000000	0.000206	0.296800	0.074944	0.000000
BUS_COACH_ELECTRIC	0.000109	0.000003	15.000000	0.000000	0.000000	Infinity	0.000000	0.000000	1.000000	0.000362	0.296800	0.074944	0.000000
TRAIN_PUB	23625.649457	852.657337	40.000000	0.000000	15.687474	Infinity	0.000000	0.500000	0.500000	0.275070	0.275070	0.033427	0.000000
CAR_GASOLINE	12608.700030	720.000002	10.000000	30.000000	30.000000	Infinity	0.000000	0.178568	1.000000	0.051370	0.051370	0.108434	0.000000
CAR_DIESEL	0.000000	0.000000	10.000000	0.000000	0.000000	0.000000	0.000000	0.000000	1.000000	0.000000	0.051370	0.108434	0.000000
CAR_NG	0.000000	0.000000	10.000000	0.000000	0.000000	0.000000	0.000000	0.000000	1.000000	0.000000	0.051370	0.108434	0.000000
CAR_METHANOL	0.000000	0.000000	10.000000	0.000000	0.000000	0.000000	0.000000	0.000000	1.000000	0.000000	0.051370	0.108434	0.000000
CAR_HEV	0.000107	0.000008	10.000000	0.000000	0.000000	Infinity	0.000000	0.000000	1.000000	0.000128	0.051370	0.108434	0.000000
CAR_PHEV	0.017929	0.001336	10.000000	0.000000	0.000039	Infinity	0.000000	0.000000	1.000000	0.011559	0.051370	0.108434	0.000000
CAR_BEV	59869.770753	1380.028369	10.000000	0.000000	138.002837	Infinity	0.000000	0.821431	1.000000	0.051370	0.051370	0.108434	0.000000
CAR_FUEL_CELL	0.000137	0.000002	10.000000	0.000000	0.000000	Infinity	0.000000	0.000000	1.000000	0.000126	0.051370	0.108434	0.000000
TRAIN_FREIGHT	737.033460	14.740046	40.000000	0.000000	7.058355	Infinity	0.000000	1.000000	1.000000	0.342470	0.342470	0.033427	0.000000
BOAT_FREIGHT_DIESEL	0.000071	0.000004	40.000000	0.000000	0.000001	Infinity	0.000000	0.000000	1.000000	0.001040	0.114160	0.033427	0.000000
BOAT_FREIGHT_NG	0.000018	0.000001	40.000000	0.000000	0.000000	Infinity	0.000000	0.000000	1.000000	0.000178	0.114160	0.033427	0.000000
BOAT_FREIGHT_METHANOL	1941.019181	97.049547	40.000000	0.000000	25.409336	Infinity	0.000000	1.000000	1.000000	0.114160	0.114160	0.033427	0.000000
TRUCK_DIESEL	0.000129	0.000006	15.000000	0.000000	0.000000	Infinity	0.000000	0.000000	1.000000	0.000319	0.092590	0.074944	0.000000
TRUCK_METHANOL	0.000295	0.000015	15.000000	0.000000	0.000001	Infinity	0.000000	0.000000	1.000000	0.000734	0.092590	0.074944	0.000000
TRUCK_FUEL_CELL	18901.579545	567.050519	15.000000	0.000000	46.993137	Infinity	0.000000	1.000000	1.000000	0.092590	0.092590	0.074944	0.000000
TRUCK_ELEC	0.000009	0.000000	15.000000	0.000000	0.000000	Infinity	0.000000	0.000000	1.000000	0.000067	0.092590	0.074944	0.000000
TRUCK_NG	0.000043	0.000002	15.000000	0.000000	0.000000	Infinity	0.000000	0.000000	1.000000	0.000101	0.092590	0.074944	0.000000
HABER_BOSCH	0.000429	0.000008	20.000000	0.000000	0.000001	Infinity	0.000000	1.000000	1.000000	0.000323	1.000000	0.058246	0.000000
SYN_METHANOLATION	0.000443	0.000013	20.000000	0.000000	0.000000	Infinity	0.000000	0.233843	1.000000	0.000266	0.950000	0.058246	0.000000
METHANE_TO_METHANOL	0.000375	0.000016	25.000000	0.000000	0.000000	Infinity	0.000000	0.184849	1.000000	0.000211	0.850000	0.048263	0.000000
BIOMASS_TO_METHANOL	0.000627	0.000010	20.000000	0.000000	0.000000	Infinity	0.000000	0.581309	1.000000	0.000662	1.000000	0.058246	0.000000
ADLIBIO_TO_HVC	0.000186	0.000022	25.000000	0.000000	0.000000	Infinity	0.000000	0.000000	1.000000	0.000060	1.000000	0.048263	0.000152
OIL_TO_HVC	0.000352	0.000002	15.000000	0.000000	0.000001	Infinity	0.000000	0.000000	1.000000	0.000035	1.000000	0.074944	0.000000
GAS_TO_HVC	0.000448	0.000011	25.000000	0.000000	0.000001	Infinity	0.000000	0.000000	1.000000	0.000088	1.000000	0.048263	0.000000
METHANOL_TO_HVC	3293.143422	296.382908	20.000000	0.000000	4.723384	Infinity	0.000000	1.000000	1.000000	1.000000	1.000000	0.058246	0.000000
PHS	382.200001	0.000000	50.000000	5.000000	6.500000	6.500000	0.000000	-1.000000	1.000000	0.012412	1.000000	0.028572	
BATT_LI	9622.352436	14.876375	15.000000	0.000000	31.862094	Infinity	0.000000	-1.000000	1.000000	0.019785	1.000000	0.074944	
BEV_BATT	0.000000	0.000000	1.000000	0.000000	136.907576	Infinity	0.000000	-1.000000	1.000000	0.003753	1.000000	1.015000	
PHEV_BATT	0.000000	0.000000	1.000000	0.000000	0.000008	Infinity	0.000000	-1.000000	1.000000	0.000559	1.000000	1.015000	
TS_DEC_DIRECT_ELEC	0.001597	0.000011	20.000000	0.000000	0.000084	Infinity	0.000000	-1.000000	1.000000	0.000246	1.000000	0.058246	
TS_DEC_HP_ELEC	1355.496200	9.489381	20.000000	0.000000	71.454729	Infinity	0.000000	-1.000000	1.000000	0.031034	1.000000	0.058246	
TS_DEC_THHP_GAS	0.001603	0.000011	20.000000	0.000000	0.000085	Infinity	0.000000	-1.000000	1.000000	0.001329	1.000000	0.058246	
TS_DEC_COGEN_GAS	0.001603	0.000011	20.000000	0.000000	0.000084	Infinity	0.000000	-1.000000	1.000000	0.000489	1.000000	0.058246	
TS_DEC_COGEN_OIL	0.001594	0.000011	20.000000	0.000000	0.000084	Infinity	0.000000	-1.000000	1.000000	0.000097	1.000000	0.058246	
TS_DEC_ADVCOGEN_GAS	0.001670	0.000012	20.000000	0.000000	0.000088	Infinity	0.000000	-1.000000	1.000000	0.000398	1.000000	0.058246	
TS_DEC_ADVCOGEN_H2	0.001602	0.000011	20.000000	0.000000	0.000084	Infinity	0.000000	-1.000000	1.000000	0.000489	1.000000	0.058246	
TS_DEC_BOILER_GAS	0.001600	0.000011	20.000000	0.000000	0.000084	Infinity	0.000000	-1.000000	1.000000	0.000271	1.000000	0.058246	
TS_DEC_BOILER_WOOD	0.001611	0.000011	20.000000	0.000000	0.000085	Infinity	0.000000	-1.000000	1.000000	0.000573	1.000000	0.058246	
TS_DEC_BOILER_OIL	0.001595	0.000011	20.000000	0.000000	0.000084	Infinity	0.000000	-1.000000	1.000000	0.000138	1.000000	0.058246	
TS_DHN_DAILY	0.008704	0.000025	40.000000	0.000000	0.002901	Infinity	0.000000	-1.000000	1.000000	0.000638	1.000000	0.033427	
TS_DHN_SEASONAL	573.663047	3.142752	25.000000	0.000000	1062.338976	Infinity	0.000000	-1.000000	1.000000	0.001509	1.000000	0.048263	
TS_HIGH_TEMP	995.414461	10.653740	25.000000	0.000000	35.512467	Infinity	0.000000	-1.000000	1.000000	0.023805	1.000000	0.048263	
GAS_STORAGE	0.002187	0.000057	50.000000	0.000000	0.043734	Infinity	0.000000	-1.000000	1.000000	0.000146	1.000000	0.028572	
H2_STORAGE	0.010752	0.000677	20.000000	0.000000	0.001737	Infinity	0.000000	-1.000000	1.000000	0.000402	1.000000	0.058246	
DIESEL_STORAGE	0.010744	0.000427	20.000000	0.000000	1.074437	Infinity	0.000000	-1.000000	1.000000	0.000236	1.000000	0.058246	
GASOLINE_STORAGE	0.010569	0.000420	20.000000	0.000000	1.056856	Infinity	0.000000	-1.000000	1.000000	0.000295	1.000000	0.058246	
LFO_STORAGE	0.010882	0.000432	20.000000	0.000000	1.088193	Infinity	0.000000	-1.000000	1.000000	0.000000	1.000000	0.058246	
AMMONIA_STORAGE	0.000041	0.000002	20.000000	0.000000	0.004063	Infinity	0.000000	-1.000000	1.000000	0.000042	1.000000	0.058246	
METHANOL_STORAGE	0.000038	0.000001	20.000000	0.000000	0.003777	Infinity	0.000000	-1.000000	1.000000	0.000041	1.000000	0.058246	
CO2_STORAGE	0.006080	0.000061	30.000000	0.000000	0.000123	Infinity	0.000000	-1.000000	1.000000	0.000033	1.000000	0.041639	
AMMONIA_TO_H2	0.000267	0.000025	25.000000	0.000000	0.000000	Infinity	0.000000	-1.000000	1.000000	0.000481	0.860000	0.048263	
ATM_CCS	0.000541	0.000013	40.000000	0.000000	0.000000	Infinity	0.000000	-1.000000	1.000000	0.000081	1.000000	0.033427	
BIO_HYDROLYSIS	3787.867827	258.259270	15.000000	0.000000	2.379448	Infinity	0.000000	-1.000000	1.000000	0.789421	0.850000	0.074944	
BIOMETHANATION	0.000697	0.000010	20.000000	0.000000	0.000001	Infinity	0.000000	-1.000000	1.000000	0.000369	0.850000	0.058246	
DHN	7515.399929	0.000000	60.000000	0.000000	9.099869	Infinity	0.000000	-1.000000	1.000000	0.000000	1.000000	0.025393	
EFFICIENCY	5517.241379	0.000000	1.000000	0.000000	0.985222	Infinity	0.000000	-1.000000	1.000000	0.000000	1.000000	1.015000	
GASIFICATION_SNG	2106.217775	148.477926	25.000000	0.000000	0.834146	Infinity	0.000000	-1.000000	1.000000	0.828005	0.850000	0.048263	
GRID	102568.424422	0.000000	80.000000	0.000000	1.369056	Infinity	0.000000	-1.000000	1.000000	0.000000	1.000000	0.021548	
H2_BIOMASS	5129.690946	361.380720	25.000000	0.000000	2.031247	Infinity	0.000000	-1.000000	1.000000	0.860000	0.860000	0.048263	
H2_ELECTROLYSIS	1332.838982	36.653205	15.000000	0.000000	1.914448	Infinity	0.000000	-1.000000	1.000000	0.087528	0.900000	0.074944	
INDUSTRY_CCS	0.000597	0.000015	40.000000	0.000000	0.000000	Infinity	0.000000	-1.000000	1.000000	0.000292	1.000000	0.033427	
SMR	0.000254	0.000023	25.000000	0.000000	0.000000	Infinity	0.000000	-1.000000	1.000000	0.000458	0.860000	0.048263	
SYN_METHANATION	0.000121	0.000031	40.000000	0.000000	0.000000	Infinity	0.000000	-1.000000	1.000000	0.001181	1.000000	0.033427	
ADLIBIO_TO_FUEL	2676.000001	420.000000	25.000000	3.000000	3.000000	Infinity	0.000000	-1.000000	1.000000	0.000000	1.000000	0.048263	
REDIFUEL	0.000714	0.000019	25.000000	0.000000	0.000000	Infinity	0.000000	-1.000000	1.000000	0.000146	1.000000	0.048263	