TECHNOLOGIES	 c_inv	 c_maint	 lifetime	  f_min	 f	 f_max	 fmin_perc	f_perc	 fmax_perc	 c_p	 c_p_max	 tau	 gwp_constr
 UNITS	[M€/GW]	 [M€/GW/y]	 [y]	 [GW or GWh]	 [GW or GWh]	 [GW or GWh]	 [0-1]	 [0-1]	 [0-1]	 [0-1]	 [0-1]	 [-]	 [ktCO2-eq./GW or GWh]
NUCLEAR	0.000000	0.000000	60.000000	0.000000	0.000000	0.000000	0.000000	0.000000	1.000000	0.000000	0.849000	0.025393	0.000000
CCGT	0.000532	0.000013	25.000000	0.000000	0.000001	Infinity	0.000000	0.000000	1.000000	0.001985	0.961540	0.048263	0.000125
CCGT_AMMONIA	0.000272	0.000007	25.000000	0.000000	0.000000	Infinity	0.000000	0.000000	1.000000	0.000133	0.630000	0.048263	0.000064
COAL_US	0.000000	0.000000	35.000000	0.000000	0.000000	0.000000	0.000000	0.000000	1.000000	0.000000	0.868000	0.036934	0.000000
COAL_IGCC	0.000000	0.000000	35.000000	0.000000	0.000000	0.000000	0.000000	0.000000	1.000000	0.000000	0.856000	0.036934	0.000000
PV	28182.219820	321.841891	25.000000	0.000000	29.758843	59.200000	0.000000	0.435946	1.000000	0.117871	1.000000	0.048263	61940.949293
WIND_ONSHORE	10603.900000	123.331765	30.000000	0.000000	10.000000	10.000000	0.000000	0.283914	1.000000	0.228443	1.000000	0.041639	6228.500000
WIND_OFFSHORE	30490.679167	212.138800	30.000000	0.000000	6.000000	6.000000	0.000000	0.273436	1.000000	0.366686	1.000000	0.041639	3737.099898
HYDRO_RIVER	580.165799	5.801152	40.000000	0.000000	0.115000	0.115000	0.000000	0.006704	1.000000	0.469066	1.000000	0.033427	145.224300
GEOTHERMAL	0.000000	0.000000	30.000000	0.000000	0.000000	0.000000	0.000000	0.000000	1.000000	0.000000	0.950000	0.041639	0.000000
IND_COGEN_GAS	7940.098017	510.380294	25.000000	0.000000	5.510972	Infinity	0.000000	0.613193	1.000000	0.850000	0.850000	0.048263	5644.998682
IND_COGEN_WOOD	0.000301	0.000011	25.000000	0.000000	0.000000	Infinity	0.000000	0.000000	1.000000	0.000390	0.850000	0.048263	0.000045
IND_COGEN_WASTE	0.000304	0.000011	25.000000	0.000000	0.000000	Infinity	0.000000	0.000000	1.000000	0.000125	0.850000	0.048263	0.000065
IND_BOILER_GAS	551.758497	11.054712	17.000000	0.000000	9.369307	Infinity	0.000000	0.168693	1.000000	0.137544	0.950000	0.067080	115.429864
IND_BOILER_WOOD	0.000223	0.000004	17.000000	0.000000	0.000002	Infinity	0.000000	0.000000	1.000000	0.000659	0.900000	0.067080	0.000056
IND_BOILER_OIL	0.000235	0.000005	17.000000	0.000000	0.000004	Infinity	0.000000	0.000000	1.000000	0.000892	0.950000	0.067080	0.000053
IND_BOILER_COAL	0.000283	0.000006	17.000000	0.000000	0.000002	Infinity	0.000000	0.000000	1.000000	0.003539	0.900000	0.067080	0.000118
IND_BOILER_WASTE	323.222103	6.464404	17.000000	0.000000	2.806235	Infinity	0.000000	0.218114	1.000000	0.593759	0.900000	0.067080	81.015993
IND_DIRECT_ELEC	0.000962	0.000004	15.000000	0.000000	0.000003	Infinity	0.000000	0.000000	1.000000	0.002711	0.950000	0.074944	0.000004
DHN_HP_ELEC	2541.210028	86.171302	25.000000	0.000000	7.183633	Infinity	0.000000	0.896389	1.000000	0.667954	0.950000	0.048263	1255.627140
DHN_COGEN_GAS	953.366622	27.874498	25.000000	0.000000	0.742694	Infinity	0.000000	0.103610	1.000000	0.746772	0.850000	0.048263	364.573647
DHN_COGEN_WOOD	0.000244	0.000009	25.000000	0.000000	0.000000	Infinity	0.000000	0.000000	1.000000	0.000234	0.850000	0.048263	0.000037
DHN_COGEN_WASTE	0.000277	0.000010	25.000000	0.000000	0.000000	Infinity	0.000000	0.000000	1.000000	0.000098	0.850000	0.048263	0.000059
DHN_COGEN_WET_BIOMASS	0.000243	0.000020	25.000000	0.000000	0.000000	Infinity	0.000000	0.000000	1.000000	0.000671	0.750000	0.048263	0.000177
DHN_COGEN_BIO_HYDROLYSIS	0.000227	0.000011	15.000000	0.000000	0.000000	Infinity	0.000000	0.000000	1.000000	0.000089	0.850000	0.074944	0.000032
DHN_BOILER_GAS	0.000053	0.000001	17.000000	0.000000	0.000001	Infinity	0.000000	0.000000	1.000000	0.000679	0.950000	0.067080	0.000011
DHN_BOILER_WOOD	0.000076	0.000002	17.000000	0.000000	0.000001	Infinity	0.000000	0.000000	1.000000	0.000345	0.900000	0.067080	0.000019
DHN_BOILER_OIL	0.000043	0.000001	17.000000	0.000000	0.000001	Infinity	0.000000	0.000000	1.000000	0.000343	0.950000	0.067080	0.000010
DHN_DEEP_GEO	0.000000	0.000000	30.000000	0.000000	0.000000	0.000000	0.000000	0.000000	1.000000	0.000000	0.850000	0.041639	0.000000
DHN_SOLAR	0.000151	0.000000	30.000000	0.000000	0.000000	Infinity	0.000000	0.000000	1.000000	0.000227	1.000000	0.041639	0.000091
DEC_HP_ELEC	6654.877018	277.470992	18.000000	0.000000	13.181106	Infinity	0.000000	0.678239	1.000000	0.449089	1.000000	0.063806	2173.432641
DEC_THHP_GAS	2033.459721	59.431731	20.000000	0.000000	6.277660	Infinity	0.000000	0.321761	1.000000	0.447339	1.000000	0.058246	2397.626794
DEC_COGEN_GAS	0.000613	0.000039	20.000000	0.000000	0.000000	Infinity	0.000000	0.000000	1.000000	0.001406	1.000000	0.058246	0.000436
DEC_COGEN_OIL	0.000419	0.000026	20.000000	0.000000	0.000000	Infinity	0.000000	0.000000	1.000000	0.000474	1.000000	0.058246	0.000322
DEC_ADVCOGEN_GAS	0.000904	0.000017	20.000000	0.000000	0.000000	Infinity	0.000000	0.000000	1.000000	0.000371	1.000000	0.058246	0.000255
DEC_ADVCOGEN_H2	0.000649	0.000012	20.000000	0.000000	0.000000	Infinity	0.000000	0.000000	1.000000	0.000116	1.000000	0.058246	0.000183
DEC_BOILER_GAS	0.000375	0.000011	17.000000	0.000000	0.000002	Infinity	0.000000	0.000000	1.000000	0.000787	1.000000	0.067080	0.000050
DEC_BOILER_WOOD	0.000358	0.000013	17.000000	0.000000	0.000001	Infinity	0.000000	0.000000	1.000000	0.000521	1.000000	0.067080	0.000016
DEC_BOILER_OIL	0.000287	0.000017	17.000000	0.000000	0.000002	Infinity	0.000000	0.000000	1.000000	0.000626	1.000000	0.067080	0.000042
DEC_SOLAR	0.002445	0.000027	20.000000	0.000000	0.000003	Infinity	0.000000	0.000000	1.000000	0.001600	1.000000	0.058246	0.000742
DEC_DIRECT_ELEC	0.000458	0.000002	15.000000	0.000000	0.000011	Infinity	0.000000	0.000000	1.000000	0.000314	1.000000	0.074944	0.000017
TRAMWAY_TROLLEY	4725.034454	94.500689	30.000000	0.000000	7.560055	Infinity	0.000000	0.300000	0.300000	0.342470	0.342470	0.041639	0.000000
BUS_COACH_DIESEL	0.000041	0.000002	15.000000	0.000000	0.000000	Infinity	0.000000	0.000000	1.000000	0.000195	0.296800	0.074944	0.000000
BUS_COACH_HYDIESEL	0.000054	0.000002	15.000000	0.000000	0.000000	Infinity	0.000000	0.000000	1.000000	0.000192	0.296800	0.074944	0.000000
BUS_COACH_CNG_STOICH	7206.923394	362.888368	15.000000	0.000000	11.876347	Infinity	0.000000	0.408433	1.000000	0.296800	0.296800	0.074944	0.000000
BUS_COACH_FC_HYBRIDH2	0.000043	0.000002	15.000000	0.000000	0.000000	Infinity	0.000000	0.000000	1.000000	0.000142	0.296800	0.074944	0.000000
BUS_COACH_ELECTRIC	0.000132	0.000006	15.000000	0.000000	0.000000	Infinity	0.000000	0.000000	1.000000	0.000534	0.296800	0.074944	0.000000
TRAIN_PUB	13776.932556	497.213956	40.000000	0.000000	9.147908	Infinity	0.000000	0.291567	0.500000	0.275070	0.275070	0.033427	0.000000
CAR_GASOLINE	41676.000001	2400.000000	10.000000	100.000000	100.000000	Infinity	0.000000	0.595228	1.000000	0.051370	0.051370	0.108434	0.000000
CAR_DIESEL	0.000027	0.000001	10.000000	0.000000	0.000000	Infinity	0.000000	0.000000	1.000000	0.000033	0.051370	0.108434	0.000000
CAR_NG	0.000045	0.000003	10.000000	0.000000	0.000000	Infinity	0.000000	0.000000	1.000000	0.000054	0.051370	0.108434	0.000000
CAR_METHANOL	0.000037	0.000002	10.000000	0.000000	0.000000	Infinity	0.000000	0.000000	1.000000	0.000047	0.051370	0.108434	0.000000
CAR_HEV	0.000021	0.000002	10.000000	0.000000	0.000000	Infinity	0.000000	0.000000	1.000000	0.000026	0.051370	0.108434	0.000000
CAR_PHEV	0.008971	0.000664	10.000000	0.000000	0.000020	Infinity	0.000000	0.000000	1.000000	0.005647	0.051370	0.108434	0.000000
CAR_BEV	30293.229354	680.028495	10.000000	0.000000	68.002849	Infinity	0.000000	0.404772	1.000000	0.051370	0.051370	0.108434	0.000000
CAR_FUEL_CELL	0.000012	0.000000	10.000000	0.000000	0.000000	Infinity	0.000000	0.000000	1.000000	0.000000	0.051370	0.108434	0.000000
TRAIN_FREIGHT	737.033460	14.740046	40.000000	0.000000	7.058355	Infinity	0.000000	1.000000	1.000000	0.342470	0.342470	0.033427	0.000000
BOAT_FREIGHT_DIESEL	0.000030	0.000002	40.000000	0.000000	0.000000	Infinity	0.000000	0.000000	1.000000	0.000441	0.114160	0.033427	0.000000
BOAT_FREIGHT_NG	0.000008	0.000000	40.000000	0.000000	0.000000	Infinity	0.000000	0.000000	1.000000	0.000112	0.114160	0.033427	0.000000
BOAT_FREIGHT_METHANOL	1924.757252	97.049550	40.000000	0.000000	25.409337	Infinity	0.000000	1.000000	1.000000	0.114160	0.114160	0.033427	0.000000
TRUCK_DIESEL	16928.000002	853.555556	15.000000	46.000000	46.000000	Infinity	0.000000	0.978866	1.000000	0.092590	0.092590	0.074944	0.000000
TRUCK_METHANOL	365.473817	18.428179	15.000000	0.000000	0.993135	Infinity	0.000000	0.021134	1.000000	0.092590	0.092590	0.074944	0.000000
TRUCK_FUEL_CELL	0.000007	0.000000	15.000000	0.000000	0.000000	Infinity	0.000000	0.000000	1.000000	0.000011	0.092590	0.074944	0.000000
TRUCK_ELEC	0.004082	0.000212	15.000000	0.000000	0.000009	Infinity	0.000000	0.000000	1.000000	0.008496	0.092590	0.074944	0.000000
TRUCK_NG	0.000009	0.000000	15.000000	0.000000	0.000000	Infinity	0.000000	0.000000	1.000000	0.000023	0.092590	0.074944	0.000000
HABER_BOSCH	0.097811	0.001912	20.000000	0.000000	0.000113	Infinity	0.000000	1.000000	1.000000	0.475594	1.000000	0.058246	0.000000
SYN_METHANOLATION	0.000303	0.000009	20.000000	0.000000	0.000000	Infinity	0.000000	0.216358	1.000000	0.000236	0.950000	0.058246	0.000000
METHANE_TO_METHANOL	0.000402	0.000018	25.000000	0.000000	0.000000	Infinity	0.000000	0.622185	1.000000	0.000679	0.850000	0.048263	0.000000
BIOMASS_TO_METHANOL	0.000337	0.000005	20.000000	0.000000	0.000000	Infinity	0.000000	0.161457	1.000000	0.000176	1.000000	0.058246	0.000000
OIL_TO_HVC	0.000300	0.000002	20.000000	0.000000	0.000001	Infinity	0.000000	0.000000	1.000000	0.000414	1.000000	0.058246	0.000000
GAS_TO_HVC	0.000439	0.000011	20.000000	0.000000	0.000001	Infinity	0.000000	0.000000	1.000000	0.000478	1.000000	0.058246	0.000000
METHANOL_TO_HVC	3375.330160	303.780139	20.000000	0.000000	4.723384	Infinity	0.000000	1.000000	1.000000	1.000000	1.000000	0.058246	0.000000
ADLIBIO_TO_HVC	0.000284	0.000006	20.000000	0.000000	0.000000	Infinity	0.000000	0.000000	1.000000	0.000264	1.000000	0.058246	0.000290
PHS	294.000144	0.000000	50.000000	5.000000	5.000002	6.500000	0.000000	-1.000000	1.000000	0.022660	1.000000	0.028572	
BATT_LI	0.001379	0.000002	15.000000	0.000000	0.000004	Infinity	0.000000	-1.000000	1.000000	0.000911	1.000000	0.074944	
BEV_BATT	0.000000	0.000000	1.000000	0.000000	67.463144	Infinity	0.000000	-1.000000	1.000000	0.004716	1.000000	1.015000	
PHEV_BATT	0.000000	0.000000	1.000000	0.000000	0.000004	Infinity	0.000000	-1.000000	1.000000	0.000286	1.000000	1.015000	
TS_DEC_DIRECT_ELEC	0.001153	0.000008	20.000000	0.000000	0.000061	Infinity	0.000000	-1.000000	1.000000	0.000287	1.000000	0.058246	
TS_DEC_HP_ELEC	756.267215	5.294377	20.000000	0.000000	39.866485	Infinity	0.000000	-1.000000	1.000000	0.028245	1.000000	0.058246	
TS_DEC_THHP_GAS	265.120323	1.856020	20.000000	0.000000	13.975768	Infinity	0.000000	-1.000000	1.000000	0.028292	1.000000	0.058246	
TS_DEC_COGEN_GAS	0.001151	0.000008	20.000000	0.000000	0.000061	Infinity	0.000000	-1.000000	1.000000	0.000460	1.000000	0.058246	
TS_DEC_COGEN_OIL	0.001131	0.000008	20.000000	0.000000	0.000060	Infinity	0.000000	-1.000000	1.000000	0.000293	1.000000	0.058246	
TS_DEC_ADVCOGEN_GAS	0.001152	0.000008	20.000000	0.000000	0.000061	Infinity	0.000000	-1.000000	1.000000	0.000280	1.000000	0.058246	
TS_DEC_ADVCOGEN_H2	0.001146	0.000008	20.000000	0.000000	0.000060	Infinity	0.000000	-1.000000	1.000000	0.000197	1.000000	0.058246	
TS_DEC_BOILER_GAS	0.001151	0.000008	20.000000	0.000000	0.000061	Infinity	0.000000	-1.000000	1.000000	0.000376	1.000000	0.058246	
TS_DEC_BOILER_WOOD	0.001149	0.000008	20.000000	0.000000	0.000061	Infinity	0.000000	-1.000000	1.000000	0.000336	1.000000	0.058246	
TS_DEC_BOILER_OIL	0.001150	0.000008	20.000000	0.000000	0.000061	Infinity	0.000000	-1.000000	1.000000	0.000325	1.000000	0.058246	
TS_DHN_DAILY	0.002534	0.000007	40.000000	0.000000	0.000845	Infinity	0.000000	-1.000000	1.000000	0.001034	1.000000	0.033427	
TS_DHN_SEASONAL	480.645519	2.621703	25.000000	0.000000	873.900943	Infinity	0.000000	-1.000000	1.000000	0.001656	1.000000	0.048263	
TS_HIGH_TEMP	447.461858	4.789103	25.000000	0.000000	15.963677	Infinity	0.000000	-1.000000	1.000000	0.028180	1.000000	0.048263	
GAS_STORAGE	0.127783	0.003346	50.000000	0.000000	2.555659	Infinity	0.000000	-1.000000	1.000000	0.000249	1.000000	0.028572	
H2_STORAGE	0.009391	0.000592	20.000000	0.000000	0.001517	Infinity	0.000000	-1.000000	1.000000	0.004158	1.000000	0.058246	
DIESEL_STORAGE	0.012110	0.000481	20.000000	0.000000	1.210972	Infinity	0.000000	-1.000000	1.000000	0.000029	1.000000	0.058246	
GASOLINE_STORAGE	4.400049	0.174682	20.000000	0.000000	440.004874	Infinity	0.000000	-1.000000	1.000000	0.001939	1.000000	0.058246	
LFO_STORAGE	0.252299	0.010016	20.000000	0.000000	25.229899	Infinity	0.000000	-1.000000	1.000000	0.000000	1.000000	0.058246	
AMMONIA_STORAGE	0.000021	0.000001	20.000000	0.000000	0.002081	Infinity	0.000000	-1.000000	1.000000	0.000035	1.000000	0.058246	
METHANOL_STORAGE	0.000001	0.000000	20.000000	0.000000	0.000099	Infinity	0.000000	-1.000000	1.000000	0.000001	1.000000	0.058246	
CO2_STORAGE	0.021713	0.000217	30.000000	0.000000	0.000439	Infinity	0.000000	-1.000000	1.000000	0.000003	1.000000	0.041639	
ADLIBIO_TO_FUEL	1892.016276	34.400296	20.000000	0.000000	2.646177	Infinity	0.000000	-1.000000	1.000000	0.999998	1.000000	0.058246	
AMMONIA_TO_H2	0.000159	0.000015	25.000000	0.000000	0.000000	Infinity	0.000000	-1.000000	1.000000	0.000167	0.860000	0.048263	
ATM_CCS	0.000430	0.000011	40.000000	0.000000	0.000000	Infinity	0.000000	-1.000000	1.000000	0.000069	1.000000	0.033427	
BIO_HYDROLYSIS	2335.364501	159.226807	15.000000	0.000000	1.431299	Infinity	0.000000	-1.000000	1.000000	0.843801	0.850000	0.074944	
BIOMETHANATION	907.095687	12.565393	20.000000	0.000000	0.897528	Infinity	0.000000	-1.000000	1.000000	0.527910	0.850000	0.058246	
DHN	6546.209989	0.000000	60.000000	0.000000	7.926345	Infinity	0.000000	-1.000000	1.000000	0.000000	1.000000	0.025393	
EFFICIENCY	5517.241379	0.000000	1.000000	0.000000	0.985222	Infinity	0.000000	-1.000000	1.000000	0.000000	1.000000	1.015000	
GASIFICATION_SNG	0.000254	0.000018	25.000000	0.000000	0.000000	Infinity	0.000000	-1.000000	1.000000	0.000238	0.850000	0.048263	
GRID	91749.162520	0.000000	80.000000	0.000000	1.224644	Infinity	0.000000	-1.000000	1.000000	0.000000	1.000000	0.021548	
H2_BIOMASS	0.000830	0.000058	25.000000	0.000000	0.000000	Infinity	0.000000	-1.000000	1.000000	0.002307	0.860000	0.048263	
H2_ELECTROLYSIS	0.000716	0.000020	15.000000	0.000000	0.000001	Infinity	0.000000	-1.000000	1.000000	0.001464	0.900000	0.074944	
INDUSTRY_CCS	0.000379	0.000009	40.000000	0.000000	0.000000	Infinity	0.000000	-1.000000	1.000000	0.000057	1.000000	0.033427	
REDIFUEL	0.000306	0.000008	20.000000	0.000000	0.000000	Infinity	0.000000	-1.000000	1.000000	0.000072	1.000000	0.058246	
SMR	0.335773	0.030985	25.000000	0.000000	0.000481	Infinity	0.000000	-1.000000	1.000000	0.859989	0.860000	0.048263	
SYN_METHANATION	0.000081	0.000021	40.000000	0.000000	0.000000	Infinity	0.000000	-1.000000	1.000000	0.000294	1.000000	0.033427	